0 0 0
0.924997159216 0.042465218328 0.377593644907 -1.446753833797
0.028731258267 0.983073896710 -0.180942610809 0.325147647925
-0.378886223345 0.178220141512 0.908120482601 -3.233576978781
0.000000000000 0.000000000000 0.000000000000 1.000000000000
1 1 0
0.953911820939 0.032038807759 0.298371836256 -1.406198240019
0.017332533397 0.986742045594 -0.161368270560 0.315202040180
-0.299586083054 0.159102640628 0.940709587804 -3.243921853456
0.000000000000 0.000000000000 0.000000000000 1.000000000000
2 2 0
0.989855256595 0.023815918542 0.140069172252 -1.428241331596
-0.001491154016 0.987538114210 -0.157372962868 0.322100304002
-0.142071627889 0.155567589832 0.977555306641 -3.314399433404
0.000000000000 0.000000000000 0.000000000000 1.000000000000
3 3 0
0.991564702858 0.010978726744 0.129146845122 -1.420839119264
0.004092315670 0.993257534123 -0.115856479579 0.319692688287
-0.129548033557 0.115407705406 0.984834183269 -3.429382720599
0.000000000000 0.000000000000 0.000000000000 1.000000000000
4 4 0
0.991581904674 -0.008706903204 0.129187910269 -1.275885793598
0.007560917698 0.999927622969 0.009358490660 0.293689454286
-0.129260043504 -0.008302930837 0.991575969098 -3.587233634290
0.000000000000 0.000000000000 0.000000000000 1.000000000000
5 5 0
0.991302502479 -0.012422501771 0.131015380887 -1.199130126415
0.008218018498 0.999435229387 0.032583530077 0.312563629507
-0.131346156210 -0.031223448081 0.990844732306 -3.742985323393
0.000000000000 0.000000000000 0.000000000000 1.000000000000
6 6 0
0.997379569890 -0.010778392687 0.071538939167 -1.112838459516
0.008198234448 0.999308666544 0.036262624319 0.358637897474
-0.071880334710 -0.035581107650 0.996778411815 -3.884295913711
0.000000000000 0.000000000000 0.000000000000 1.000000000000
7 7 0
0.999966438661 -0.000534002709 -0.008175352709 -1.107573990609
0.000805243829 0.999448049585 0.033210657362 0.364296693318
0.008153105738 -0.033216125920 0.999414936773 -3.991848177524
0.000000000000 0.000000000000 0.000000000000 1.000000000000
8 8 0
0.999996365993 -0.000364553225 0.002671161083 -1.046724397398
0.000364714395 0.999999931701 -0.000059849933 0.365558622272
-0.002671139083 0.000060823927 0.999996430652 -4.011077831768
0.000000000000 0.000000000000 0.000000000000 1.000000000000
9 9 0
0.998917745805 -0.004554352568 0.046288173304 -0.984700784954
0.005175114231 0.999898161215 -0.013299826721 0.366836259288
-0.046222887272 0.013524979512 0.998839586531 -4.021685523440
0.000000000000 0.000000000000 0.000000000000 1.000000000000
10 10 0
0.999843136708 -0.005761418628 0.016748374068 -0.854214500747
0.006120398668 0.999750928860 -0.021462081996 0.374037951047
-0.016620550492 0.021561222110 0.999629366817 -3.999018854800
0.000000000000 0.000000000000 0.000000000000 1.000000000000
11 11 0
0.994540821079 -0.001416070841 -0.104338631152 -0.685950155996
-0.001631276367 0.999574731759 -0.029115194769 0.372095586952
0.104335488424 0.029126454854 0.994115564451 -3.956322077460
0.000000000000 0.000000000000 0.000000000000 1.000000000000
12 12 0
0.990652569498 -0.001759758579 -0.136397909794 -0.552888343345
-0.002947868110 0.999407088401 -0.034304252329 0.373101381531
0.136377405094 0.034385678762 0.990060012563 -4.006096529714
0.000000000000 0.000000000000 0.000000000000 1.000000000000
13 13 0
0.988339989116 -0.001158430933 -0.152258740153 -0.443605711782
-0.003962213560 0.999436764329 -0.033323489770 0.387751687293
0.152211585560 0.033538219161 0.987778730828 -4.039343503778
0.000000000000 0.000000000000 0.000000000000 1.000000000000
14 14 0
0.985562679585 -0.001759577518 -0.169301826616 -0.285892475577
-0.003182021131 0.999576885761 -0.028912353667 0.368564702689
0.169281066130 0.029033658743 0.985140074969 -3.947498206857
0.000000000000 0.000000000000 0.000000000000 1.000000000000
15 15 0
0.980687266622 -0.002130854358 -0.195570817215 -0.135755888040
-0.004140765790 0.999490314796 -0.031653825792 0.356631990846
0.195538587355 0.031852316844 0.980178601463 -3.928066951482
0.000000000000 0.000000000000 0.000000000000 1.000000000000
16 16 0
0.965662539090 -0.001604223047 -0.259794701767 0.035194171801
-0.008319403050 0.999277153715 -0.037093902409 0.359448379041
0.259666417025 0.037981528819 0.964951167333 -3.910384264393
0.000000000000 0.000000000000 0.000000000000 1.000000000000
17 17 0
0.952547719994 -0.002924586286 -0.304375241980 0.163656123702
-0.010422651863 0.999054087654 -0.042217274536 0.344740284041
0.304210797743 0.043386365787 0.951616211401 -3.773637122045
0.000000000000 0.000000000000 0.000000000000 1.000000000000
18 18 0
0.937317473879 -0.006102245929 -0.348423184871 0.312753625578
-0.013173476538 0.998511503685 -0.052926708983 0.328617671508
0.348227530038 0.054199073816 0.935841892480 -3.710348978184
0.000000000000 0.000000000000 0.000000000000 1.000000000000
19 19 0
0.915292711255 -0.008257716509 -0.402704684405 0.451265888213
-0.016968451793 0.998111752984 -0.059033890264 0.333816979458
0.402431763616 0.060866564500 0.913424291859 -3.678328393135
0.000000000000 0.000000000000 0.000000000000 1.000000000000
20 20 0
0.907146325406 -0.011217423486 -0.420665798126 0.612926501315
-0.016146227323 0.997980750056 -0.061430626413 0.325979529180
0.420505462088 0.062518732622 0.905133451169 -3.650975550916
0.000000000000 0.000000000000 0.000000000000 1.000000000000
21 21 0
0.904018236704 -0.013330070874 -0.427286013013 0.811174229198
-0.015686553646 0.997806220881 -0.064317008686 0.333010863475
0.427205992164 0.064846393748 0.901825917501 -3.792792523873
0.000000000000 0.000000000000 0.000000000000 1.000000000000
22 22 0
0.900777268404 -0.013586799381 -0.434068786725 0.910155031396
-0.015062950877 0.997931611987 -0.062494842252 0.344856673635
0.434020068933 0.062832290104 0.898709454208 -3.927509163664
0.000000000000 0.000000000000 0.000000000000 1.000000000000
23 23 0
0.900603004279 -0.014383130837 -0.434404597387 1.116589218637
-0.012382039081 0.998197662482 -0.058720624344 0.339482618062
0.434466240106 0.058262785400 0.898801721208 -3.960749768959
0.000000000000 0.000000000000 0.000000000000 1.000000000000
24 24 0
0.898788944407 -0.015597956178 -0.438104025517 1.348817571344
-0.010767000438 0.998279888561 -0.057631031541 0.339740389668
0.438249364076 0.056515200239 0.897074984061 -3.902959169490
0.000000000000 0.000000000000 0.000000000000 1.000000000000
25 25 0
0.891699599085 -0.019140970816 -0.452222786056 1.507623125221
-0.009148306007 0.998139196574 -0.060286422689 0.327700847047
0.452535229003 0.057894451372 0.889865213957 -3.804113430877
0.000000000000 0.000000000000 0.000000000000 1.000000000000
26 26 0
0.839453580024 -0.022222584543 -0.542976835345 1.729469738918
-0.015383455065 0.997791359104 -0.064620066598 0.322567348029
0.543213619394 0.062598405995 0.837257668386 -3.744120593398
0.000000000000 0.000000000000 0.000000000000 1.000000000000
27 27 0
0.809717929064 -0.024786173058 -0.586295591812 1.955051298951
-0.018198512310 0.997566362166 -0.067306516952 0.316369058329
0.586537031655 0.065169001064 0.807296297401 -3.660356784625
0.000000000000 0.000000000000 0.000000000000 1.000000000000
28 28 0
0.801852430667 -0.028532081835 -0.596840514492 2.120147672221
-0.017453653369 0.997314644674 -0.071125730248 0.293578692262
0.597267150793 0.067449387139 0.799201182906 -3.571869311578
0.000000000000 0.000000000000 0.000000000000 1.000000000000
29 29 0
0.776433993045 -0.032719480575 -0.629348623606 2.287866829244
-0.019797469362 0.996892001328 -0.076252199277 0.284019663807
0.629887541273 0.071664309657 0.773373074312 -3.466171714816
0.000000000000 0.000000000000 0.000000000000 1.000000000000
30 30 0
0.757181692242 -0.045266743747 -0.651633951574 2.366269257742
-0.020013737383 0.995519816660 -0.092410740463 0.266640855595
0.652897645308 0.083013351622 0.752883422718 -3.279576688382
0.000000000000 0.000000000000 0.000000000000 1.000000000000
31 31 0
0.742639487661 -0.054694197998 -0.667454220207 2.567878803764
-0.019987194775 0.994405200572 -0.103724679420 0.222821784357
0.669393085871 0.090370580285 0.737391385091 -3.175184247482
0.000000000000 0.000000000000 0.000000000000 1.000000000000
32 32 0
0.731489117716 -0.031725432944 -0.681114650825 2.634397064316
-0.021238181189 0.997372181098 -0.069265229598 0.194725240652
0.681522274268 0.065132398052 0.728893106292 -3.041810297538
0.000000000000 0.000000000000 0.000000000000 1.000000000000
33 33 0
0.702035488197 0.018148966317 -0.711910660360 2.686537968884
-0.022553074067 0.999740375942 0.003246469219 0.192445188378
0.711784751285 0.013776637249 0.702262537876 -2.908387785660
0.000000000000 0.000000000000 0.000000000000 1.000000000000
34 34 0
0.568500417591 0.047948679905 -0.821284481342 2.683998000610
-0.029057620680 0.998847492875 0.038201317487 0.161638278868
0.822169647870 0.002147107986 0.569238491362 -2.916970370010
0.000000000000 0.000000000000 0.000000000000 1.000000000000
35 35 0
0.469862320976 0.063746880677 -0.880434968939 2.710717800631
-0.038288111050 0.997922186844 0.051820165549 0.111317792163
0.881908963488 0.009361848605 0.471326782510 -2.921482006475
0.000000000000 0.000000000000 0.000000000000 1.000000000000
36 36 0
0.488822579747 0.043628005650 -0.871291617458 2.749639507346
-0.040031936401 0.998818400749 0.027554426011 0.082974374554
0.871464244589 0.021410265011 0.489991500900 -2.904644970596
0.000000000000 0.000000000000 0.000000000000 1.000000000000
37 37 0
0.631103074642 0.001427554212 -0.775697667437 2.786062739088
-0.029955602081 0.999297223917 -0.022532646866 0.073242493080
0.775120359094 0.037456913378 0.630702313741 -2.869661583930
0.000000000000 0.000000000000 0.000000000000 1.000000000000
38 38 0
0.667598267290 -0.007926402016 -0.744479499827 2.878489849423
-0.021825670352 0.999305218139 -0.030211274602 0.064642380209
0.744201715683 0.036417758724 0.666961433086 -2.768350660110
0.000000000000 0.000000000000 0.000000000000 1.000000000000
39 39 0
0.664980518219 -0.013064562992 -0.746746427901 3.046204858875
-0.018863897935 0.999234214375 -0.034280288470 0.027186369973
0.746622437209 0.036882272391 0.664224837114 -2.545132686151
0.000000000000 0.000000000000 0.000000000000 1.000000000000
40 40 0
0.663085250864 -0.016599274764 -0.748359815973 3.291280816981
-0.015319784515 0.999243756104 -0.035738216098 0.035225155188
0.748387101899 0.035162195108 0.662329499378 -2.325595530163
0.000000000000 0.000000000000 0.000000000000 1.000000000000
41 41 0
0.657337269605 -0.016323008277 -0.753419719273 3.411838557455
-0.014729857808 0.999296096075 -0.034501357338 0.005184230354
0.753452550117 0.033776793365 0.656634131730 -2.027387607843
0.000000000000 0.000000000000 0.000000000000 1.000000000000
42 42 0
0.636764713208 -0.017983388401 -0.770848427225 3.573423583618
-0.014712419618 0.999262601828 -0.035465438050 -0.021656837309
0.770917793751 0.033924185012 0.636030584916 -1.723193418957
0.000000000000 0.000000000000 0.000000000000 1.000000000000
43 43 0
0.561375206136 -0.018344874137 -0.827358050380 3.602777804391
-0.020135234277 0.999155530279 -0.035816178649 -0.032780698954
0.827316414848 0.036765362847 0.560531763434 -1.430618338707
0.000000000000 0.000000000000 0.000000000000 1.000000000000
44 44 0
0.393422604679 -0.017734214916 -0.919186679488 3.674297311333
-0.029652649083 0.999048972784 -0.031966707404 -0.013253997458
0.918879412398 0.039832745339 0.392522582623 -1.229525168572
0.000000000000 0.000000000000 0.000000000000 1.000000000000
45 45 0
0.250826549480 -0.016919238900 -0.967884177694 3.634931510846
-0.036708572914 0.998961862688 -0.026975499434 0.048948615990
0.967335785935 0.042295818353 0.249945075965 -1.019727098053
0.000000000000 0.000000000000 0.000000000000 1.000000000000
46 46 0
0.229401967251 -0.032776896600 -0.972779734817 3.610500684142
-0.035787273277 0.998473022296 -0.042082001132 0.086691813672
0.972673639251 0.044466828054 0.227878679805 -0.815293568560
0.000000000000 0.000000000000 0.000000000000 1.000000000000
47 47 0
0.215723968809 -0.040851638462 -0.975599463364 3.633733767579
-0.034767662078 0.998169570269 -0.049484529533 0.110168764953
0.975835221211 0.044594311571 0.213908785281 -0.607096931989
0.000000000000 0.000000000000 0.000000000000 1.000000000000
48 48 0
0.203299643064 -0.043116949519 -0.978166746416 3.681365855924
-0.032836275305 0.998167712785 -0.050823185428 0.098766846326
0.978565804713 0.042451688036 0.201511339703 -0.391900685556
0.000000000000 0.000000000000 0.000000000000 1.000000000000
49 49 0
0.152216368570 -0.048243958189 -0.987169031948 3.906690227190
-0.032458014751 0.998025178497 -0.053779367465 0.098774619826
0.987814078872 0.040227647021 0.150349865306 -0.209634608037
0.000000000000 0.000000000000 0.000000000000 1.000000000000
50 50 0
0.070560533330 -0.044787049755 -0.996501546065 4.053626813541
-0.034477086616 0.998285148999 -0.047308474777 0.070987591982
0.996911501406 0.037694581328 0.068895405535 -0.058450791476
0.000000000000 0.000000000000 0.000000000000 1.000000000000
51 51 0
0.061626734907 -0.036423887269 -0.997434431921 4.158615586751
-0.032257215473 0.998739180250 -0.038464553611 0.065157266885
0.997577875454 0.034544902239 0.060374101522 0.139128667787
0.000000000000 0.000000000000 0.000000000000 1.000000000000
52 52 0
0.063695412388 -0.034003595479 -0.997389918705 4.181747054563
-0.030506191784 0.998885965188 -0.036002788962 0.017549042869
0.997503015887 0.032719780633 0.062587133277 0.175571662032
0.000000000000 0.000000000000 0.000000000000 1.000000000000
53 53 0
0.070636928438 -0.041669330733 -0.996631371781 4.114821342760
-0.028041193439 0.998649289908 -0.043741138957 0.006966273242
0.997107875714 0.031036472786 0.069373060662 0.309536559771
0.000000000000 0.000000000000 0.000000000000 1.000000000000
54 54 0
0.066854582697 -0.053074216095 -0.996350135423 4.192323962659
-0.024601864620 0.998192952369 -0.054823152935 -0.006854727930
0.997459379138 0.028177250157 0.065428048602 0.567391882884
0.000000000000 0.000000000000 0.000000000000 1.000000000000
55 55 0
0.033643836831 -0.058955276747 -0.997693523877 4.211437485216
-0.023771671843 0.997929034340 -0.059770812595 -0.016200020171
0.999151139649 0.025727762516 0.032172696108 0.813582952615
0.000000000000 0.000000000000 0.000000000000 1.000000000000
56 56 0
-0.087097022501 -0.040499791496 -0.995376248240 4.233976819418
-0.027608796533 0.998887612539 -0.038226847517 -0.055836155630
0.995817183536 0.024151695713 -0.088118287369 0.974579051480
0.000000000000 0.000000000000 0.000000000000 1.000000000000
57 57 0
-0.270213996558 0.030859022276 -0.962305625469 4.314678882497
-0.029583284127 0.998748191258 0.040334597544 -0.061222779260
0.962345689118 0.039367133537 -0.268962829091 1.118743923856
0.000000000000 0.000000000000 0.000000000000 1.000000000000
58 58 0
-0.393272238399 0.039499409765 -0.918573210546 4.410496536093
-0.026794804250 0.998160001694 0.054393469120 -0.079181444960
0.919031547320 0.046004430721 -0.391490239194 1.308698826793
0.000000000000 0.000000000000 0.000000000000 1.000000000000
59 59 0
-0.475453558118 0.044462881792 -0.878616506910 4.453289994476
-0.024134395511 0.997686880170 0.063548564815 -0.094670127294
0.879409713971 0.051419269535 -0.473280692290 1.554408681474
0.000000000000 0.000000000000 0.000000000000 1.000000000000
60 60 0
-0.489335207328 0.050409055311 -0.870637686993 4.494920921566
-0.023113079012 0.997227752824 0.070729022164 -0.119387687916
0.871789447314 0.054733318375 -0.486813540703 1.786587850092
0.000000000000 0.000000000000 0.000000000000 1.000000000000
61 61 0
-0.489912179102 0.056426230284 -0.869943755253 4.490152011187
-0.020909373772 0.996855440830 0.076433161490 -0.146724881575
0.871521000812 0.055635515840 -0.487191784127 2.028151986880
0.000000000000 0.000000000000 0.000000000000 1.000000000000
62 62 0
-0.462298413717 0.061221980362 -0.884608413817 4.540550462796
-0.020011319894 0.996639295752 0.079433376100 -0.159196567638
0.886498575154 0.054424105717 -0.459519632841 2.174262998419
0.000000000000 0.000000000000 0.000000000000 1.000000000000
63 63 0
-0.445220154915 0.067082409801 -0.892904789971 4.469166428181
-0.017240023094 0.996362720597 0.083451246900 -0.169888255390
0.895255156512 0.052547876272 -0.442444262521 2.403611015417
0.000000000000 0.000000000000 0.000000000000 1.000000000000
64 64 0
-0.455348418185 0.069544589793 -0.887593019400 4.531482330730
-0.015174815775 0.996193489566 0.085838547939 -0.167565819843
0.890183993915 0.052555507576 -0.452559803342 2.565464925112
0.000000000000 0.000000000000 0.000000000000 1.000000000000
65 65 0
-0.484148042327 0.077101081299 -0.871582524133 4.448815127196
-0.011087026472 0.995489600026 0.094220666972 -0.192345907808
0.874915853642 0.055280009979 -0.481109519280 2.814612117388
0.000000000000 0.000000000000 0.000000000000 1.000000000000
66 66 0
-0.629954094662 0.074737140812 -0.773027941540 4.445510321825
-0.004239391664 0.995013153915 0.099653655699 -0.209442165155
0.776620799475 0.066054396667 -0.626495770540 3.012265340849
0.000000000000 0.000000000000 0.000000000000 1.000000000000
67 67 0
-0.697098605695 0.072475126433 -0.713302803854 4.303361576252
-0.002959507856 0.994578495452 0.103946417434 -0.299352055420
0.716969159205 0.074571927912 -0.693104791728 3.208780738125
0.000000000000 0.000000000000 0.000000000000 1.000000000000
68 68 0
-0.749989060683 0.064755063793 -0.658272884577 4.237157829529
-0.003401030187 0.994805713204 0.101735077388 -0.415794040650
0.661441487850 0.078539001080 -0.745873168481 3.363004089351
0.000000000000 0.000000000000 0.000000000000 1.000000000000
69 69 0
-0.754334519349 0.070605003352 -0.652682439185 4.034026818347
-0.003110681809 0.993804188527 0.111101568506 -0.413791466254
0.656482868457 0.085838035669 -0.749441175180 3.511382686984
0.000000000000 0.000000000000 0.000000000000 1.000000000000
70 70 0
-0.776613832945 0.083868966454 -0.624369242471 3.959051158845
-0.000835109326 0.990960627508 0.134150427956 -0.400007925900
0.629976394058 0.104704494623 -0.769523691471 3.711521269269
0.000000000000 0.000000000000 0.000000000000 1.000000000000
71 71 0
-0.786271499030 0.108226855656 -0.608328922153 3.665670390178
0.001723075420 0.984920563376 0.172998597829 -0.384031642007
0.617878759001 0.134975670232 -0.774601450826 3.846679860581
0.000000000000 0.000000000000 0.000000000000 1.000000000000
72 72 0
-0.794089495413 0.111641799798 -0.597459606845 3.412215100697
0.002373907064 0.983547994172 0.180631414005 -0.360828348851
0.607796214071 0.142019194822 -0.781290157664 3.826207882515
0.000000000000 0.000000000000 0.000000000000 1.000000000000
73 73 0
-0.811031310295 0.108725957670 -0.574810299012 3.213586188079
0.006661530824 0.984229829652 0.176768963427 -0.412170486848
0.584964817513 0.139536047503 -0.798965489692 3.939313701420
0.000000000000 0.000000000000 0.000000000000 1.000000000000
74 74 0
-0.872780131624 0.096356610667 -0.478508354601 2.925693799180
0.015586209818 0.985323437485 0.169984686387 -0.470690288278
0.487864645066 0.140901125345 -0.861472553812 4.026023097767
0.000000000000 0.000000000000 0.000000000000 1.000000000000
75 75 0
-0.914761524843 0.080789328553 -0.395833850319 2.699433439647
0.018464515414 0.987137632118 0.158802887026 -0.511164575363
0.403572068331 0.137957890855 -0.904487261388 4.276715325003
0.000000000000 0.000000000000 0.000000000000 1.000000000000
76 76 0
-0.927634921018 0.073059608307 -0.366272776687 2.527455785896
0.016841844176 0.987865932777 0.154393170653 -0.523353928020
0.373108302766 0.137051787633 -0.917609395066 4.465816227945
0.000000000000 0.000000000000 0.000000000000 1.000000000000
77 77 0
-0.944209606602 0.067088815147 -0.322439621762 2.344958318782
0.018849374725 0.988435928639 0.150463005579 -0.553590909941
0.328805291735 0.135990830049 -0.934555281548 4.640702554380
0.000000000000 0.000000000000 0.000000000000 1.000000000000
78 78 0
-0.956515265166 0.063253052327 -0.284741284109 2.172199372873
0.020500091311 0.988367966287 0.150693428766 -0.561020676844
0.290960983228 0.138303342651 -0.946685740703 4.840918723784
0.000000000000 0.000000000000 0.000000000000 1.000000000000
79 79 0
-0.968663796701 0.060340671621 -0.240934539468 1.993331728758
0.023200477227 0.987781585053 0.154108007859 -0.585368921089
0.247289681986 0.143689051699 -0.958228192867 4.971217896993
0.000000000000 0.000000000000 0.000000000000 1.000000000000
80 80 0
-0.977874388119 0.057972921236 -0.200999555881 1.811980271985
0.025782918171 0.986907743334 0.159211643037 -0.564331956780
0.207597982147 0.150506632914 -0.966566516727 4.953850981908
0.000000000000 0.000000000000 0.000000000000 1.000000000000
81 81 0
-0.990416125447 0.052789636171 -0.127628965239 1.547387991516
0.031997985555 0.986633713847 0.159781236760 -0.538450718675
0.134357833324 0.154166043645 -0.978867102119 4.882017902679
0.000000000000 0.000000000000 0.000000000000 1.000000000000
82 82 0
-0.998870274913 0.042419681442 -0.021418322104 1.233954030934
0.038646255638 0.987422740445 0.153306224848 -0.562795474235
0.027652139529 0.152305293009 -0.987946586057 4.983516066641
0.000000000000 0.000000000000 0.000000000000 1.000000000000
83 83 0
-0.993822082480 0.029216358005 0.107070410483 0.988015121869
0.044832786417 0.988196271196 0.146486009077 -0.567268177595
-0.101526792710 0.150381295440 -0.983401126877 5.010488340990
0.000000000000 0.000000000000 0.000000000000 1.000000000000
84 84 0
-0.963638335079 0.010843689344 0.266989837947 0.719864212945
0.049396258813 0.989184458500 0.138109075287 -0.582357521248
-0.262604586367 0.146275498505 -0.953751702361 5.010050982545
0.000000000000 0.000000000000 0.000000000000 1.000000000000
85 85 0
-0.963127628831 0.004460829451 0.269007939626 0.458965840097
0.043706828832 0.989175021005 0.140080301731 -0.576346145688
-0.265471059995 0.146672692823 -0.952896761189 4.915893159699
0.000000000000 0.000000000000 0.000000000000 1.000000000000
86 86 0
-0.975738847481 0.006834700006 0.218830958489 0.223912607160
0.041553393611 0.987126315360 0.154450487220 -0.586831798137
-0.214958174994 0.159796509346 -0.963461498247 4.875555629017
0.000000000000 0.000000000000 0.000000000000 1.000000000000
87 87 0
-0.976455589983 0.010578052237 0.215459011419 -0.041085742724
0.046840588646 0.985363659088 0.163903686974 -0.575794729539
-0.210571698113 0.170136898288 -0.962659335276 4.749576768822
0.000000000000 0.000000000000 0.000000000000 1.000000000000
88 88 0
-0.974342060326 0.012849757788 0.224705214014 -0.314144624588
0.051294570055 0.984773294103 0.166103661324 -0.581005624753
-0.219149301991 0.173367940944 -0.960165163131 4.688773798032
0.000000000000 0.000000000000 0.000000000000 1.000000000000
89 89 0
-0.971589143178 0.013181461582 0.236306550755 -0.594525784046
0.054358782315 0.984184423035 0.168600546384 -0.643792328283
-0.230346824690 0.176655796753 -0.956939428506 4.556942366140
0.000000000000 0.000000000000 0.000000000000 1.000000000000
90 90 0
-0.967803574949 0.011442411862 0.251446438685 -0.847070335541
0.056748712531 0.983165297652 0.173682414534 -0.702200823688
-0.245226067013 0.182359723357 -0.952160231975 4.492563897221
0.000000000000 0.000000000000 0.000000000000 1.000000000000
91 91 0
-0.956306472630 0.005111942039 0.292321395821 -1.048331172479
0.059434914409 0.982368179518 0.177257583248 -0.669950439431
-0.286261106955 0.186886671323 -0.939748876417 4.303115616010
0.000000000000 0.000000000000 0.000000000000 1.000000000000
92 92 0
-0.924193192609 -0.004766653981 0.381895563924 -1.232985431663
0.066396644490 0.982690703561 0.172946427356 -0.609826051732
-0.376109596176 0.185192494839 -0.907879568842 4.140419226062
0.000000000000 0.000000000000 0.000000000000 1.000000000000
93 93 0
-0.835008771436 -0.024112193946 0.549708062274 -1.414763249126
0.074263091629 0.984959855963 0.156009856624 -0.535694851922
-0.545202113759 0.171092618909 -0.820659473172 3.993350046935
0.000000000000 0.000000000000 0.000000000000 1.000000000000
94 94 0
-0.815071969331 -0.030651218955 0.578548345073 -1.657372555946
0.066469446312 0.987058279574 0.145937539488 -0.436743787908
-0.575534097615 0.157405385871 -0.802486166224 3.916863642061
0.000000000000 0.000000000000 0.000000000000 1.000000000000
95 95 0
-0.802964020217 -0.034856230967 0.595007416256 -1.797589919437
0.064579667866 0.987323482406 0.144988991261 -0.339198822419
-0.592518564043 0.154846324630 -0.790534228869 3.765600849005
0.000000000000 0.000000000000 0.000000000000 1.000000000000
96 96 0
-0.719886327504 -0.040916358499 0.692884930620 -1.994085366836
0.070797604732 0.988725823855 0.131942958914 -0.303261230252
-0.690471849272 0.144038525576 -0.708873422067 3.589680493661
0.000000000000 0.000000000000 0.000000000000 1.000000000000
97 97 0
-0.603568771513 -0.051492217146 0.795646460199 -2.138344084868
0.072409464636 0.990248556133 0.119015404497 -0.255480922608
-0.794016125456 0.129446315706 -0.593954580642 3.361544111975
0.000000000000 0.000000000000 0.000000000000 1.000000000000
98 98 0
-0.516233084425 -0.068128337450 0.853734110939 -2.381738392485
0.068986185077 0.990284250153 0.120739430872 -0.211948271750
-0.853665220571 0.121225548195 -0.506517578818 3.207890922001
0.000000000000 0.000000000000 0.000000000000 1.000000000000
99 99 0
-0.454122348791 -0.112472570633 0.883811525827 -2.513225211487
0.068845730317 0.984603586593 0.160673714977 -0.176184560635
-0.888275383958 0.133812174792 -0.439387237106 3.028257408751
0.000000000000 0.000000000000 0.000000000000 1.000000000000
100 100 0
-0.305300702048 -0.129049328004 0.943471118939 -2.791442435399
0.070642937945 0.984975260225 0.157585887895 -0.188935659842
-0.949632063827 0.114760653915 -0.291597214776 2.880567112869
0.000000000000 0.000000000000 0.000000000000 1.000000000000
101 101 0
-0.250601635621 -0.133933252422 0.958780842591 -3.020284487415
0.064405051248 0.985883023108 0.154553078655 -0.171141430324
-0.965945552088 0.100481583603 -0.238437920136 2.673966059240
0.000000000000 0.000000000000 0.000000000000 1.000000000000
102 102 0
-0.218273346400 -0.130242503972 0.967157503414 -3.234270517425
0.063669808368 0.987042009377 0.147289603256 -0.160313728359
-0.973808452291 0.093728127497 -0.207152447155 2.498137116321
0.000000000000 0.000000000000 0.000000000000 1.000000000000
103 103 0
-0.166370602894 -0.121725479579 0.978521195536 -3.412246475901
0.065145561985 0.988826393293 0.134083629426 -0.142692016724
-0.983908978639 0.086053887463 -0.156581768434 2.261638492116
0.000000000000 0.000000000000 0.000000000000 1.000000000000
104 104 0
-0.150942086634 -0.104936986855 0.982957127891 -3.597809486254
0.067228867771 0.990957944448 0.116114734952 -0.130272151343
-0.986253905351 0.083609695158 -0.142522465088 2.059021412678
0.000000000000 0.000000000000 0.000000000000 1.000000000000
105 105 0
-0.142647417165 -0.101077476773 0.984598932594 -3.719267920731
0.071178498973 0.991148679141 0.112062112784 -0.100898631154
-0.987210887126 0.086067645063 -0.134190256029 1.838372097218
0.000000000000 0.000000000000 0.000000000000 1.000000000000
106 106 0
-0.132265528700 -0.098241990881 0.986333787896 -3.870807968483
0.074487243876 0.991277438858 0.108722995316 -0.095247236669
-0.988411594639 0.087849589859 -0.123794059405 1.598018669674
0.000000000000 0.000000000000 0.000000000000 1.000000000000
107 107 0
-0.119996629149 -0.097483735453 0.987976583890 -4.034448055230
0.078329300375 0.991135353271 0.107309049945 -0.042345470967
-0.989679407533 0.090264238873 -0.111297068627 1.342823475496
0.000000000000 0.000000000000 0.000000000000 1.000000000000
108 108 0
-0.104563752140 -0.096217131266 0.989852860474 -4.227061933221
0.079263320790 0.991336489844 0.104734377745 -0.033116661125
-0.991354501536 0.089410444330 -0.096031373671 1.168979424351
0.000000000000 0.000000000000 0.000000000000 1.000000000000
109 109 0
-0.088628700335 -0.098345961059 0.991197773111 -4.401529733313
0.081621473936 0.991050115672 0.105629556561 -0.008927337487
-0.992714907952 0.090264833518 -0.079808341422 0.993043954661
0.000000000000 0.000000000000 0.000000000000 1.000000000000
110 110 0
0.006545741755 -0.100978698561 0.994867054285 -4.540515423231
0.083257797632 0.991489043934 0.100088035706 0.018223413278
-0.996506544082 0.082175289442 0.014897295285 0.792340811243
0.000000000000 0.000000000000 0.000000000000 1.000000000000
111 111 0
0.124390027210 -0.128027322090 0.983939086493 -4.743351355222
0.077467099173 0.989866964521 0.119005214577 0.032515304841
-0.989204715757 0.061419844914 0.133047483908 0.699480337432
0.000000000000 0.000000000000 0.000000000000 1.000000000000
112 112 0
0.143743885285 -0.136116656153 0.980209136542 -4.880923564930
0.073276526821 0.989240437391 0.126625067219 0.013870128342
-0.986898295702 0.053624741947 0.152171419757 0.580365924882
0.000000000000 0.000000000000 0.000000000000 1.000000000000
113 113 0
0.226989781516 -0.124305116687 0.965931610961 -4.936536258262
0.072448593855 0.991228090560 0.110535395838 0.005511954811
-0.971198661622 0.044889981623 0.234004378621 0.358889267923
0.000000000000 0.000000000000 0.000000000000 1.000000000000
114 114 0
0.265058554695 -0.084077825841 0.960559671121 -4.984287374896
0.070960422143 0.995190720012 0.067528137035 0.017200015474
-0.961617689663 0.050262809353 0.269750011907 0.089842546964
0.000000000000 0.000000000000 0.000000000000 1.000000000000
115 115 0
0.358453972172 -0.078976540787 0.930200761040 -5.069020877486
0.066865220684 0.996027979937 0.058798855816 0.055544664055
-0.931149715189 0.041121395741 0.362310969632 -0.091971998914
0.000000000000 0.000000000000 0.000000000000 1.000000000000
116 116 0
0.446481186958 -0.080320245640 0.891180794134 -5.136638458940
0.061926425679 0.996348719255 0.058773696850 0.002331416529
-0.892647560628 0.028946291283 0.449824904519 -0.173394564545
0.000000000000 0.000000000000 0.000000000000 1.000000000000
117 117 0
0.532415397839 -0.083482098091 0.842356565501 -5.002955097178
0.058231269988 0.996379645425 0.061941273630 -0.099690557772
-0.844477923536 0.016073004750 0.535349133910 -0.505009418072
0.000000000000 0.000000000000 0.000000000000 1.000000000000
118 118 0
0.541501012112 -0.083973704161 0.836495708830 -4.826267515770
0.055245692570 0.996402596846 0.064263352321 -0.061739415705
-0.838882928265 0.011414114443 0.544192200107 -0.653925322002
0.000000000000 0.000000000000 0.000000000000 1.000000000000
119 119 0
0.552788429923 -0.080561140641 0.829418383183 -4.737174219767
0.055055024016 0.996672116849 0.060113524495 -0.022163086608
-0.831500989821 0.012433588183 0.555384110153 -0.828334940337
0.000000000000 0.000000000000 0.000000000000 1.000000000000
120 120 0
0.561295603782 -0.080850644552 0.823656735813 -4.592523561254
0.056173264201 0.996643496971 0.059550855035 -0.021328448498
-0.825706854497 0.012841854300 0.563953258005 -0.878798148958
0.000000000000 0.000000000000 0.000000000000 1.000000000000
121 121 0
0.561448680849 -0.077361750135 0.823887454928 -4.494614670389
0.059607224355 0.996815015765 0.052979270939 0.008942994650
-0.825361955494 0.019364502588 0.564271794849 -1.087717833254
0.000000000000 0.000000000000 0.000000000000 1.000000000000
122 122 0
0.562451668514 -0.075594732675 0.823367206645 -4.487951262447
0.061854310834 0.996868314171 0.049270766508 0.042358159621
-0.824513289655 0.023216386299 0.565366106686 -1.276173512371
0.000000000000 0.000000000000 0.000000000000 1.000000000000
123 123 0
0.571447377108 -0.080667876580 0.816664306116 -4.336022398983
0.064868440378 0.996483276240 0.053039283713 0.059464541845
-0.818070889739 0.022666580289 0.574670553882 -1.524355198157
0.000000000000 0.000000000000 0.000000000000 1.000000000000
124 124 0
0.588151398359 -0.082408758463 0.804541315991 -4.279749387560
0.065972514979 0.996368438589 0.053829005667 0.092511501607
-0.806055556321 0.021418009065 0.591452203489 -1.802471824891
0.000000000000 0.000000000000 0.000000000000 1.000000000000
125 125 0
0.631009101484 -0.083340988667 0.771285805297 -4.119263939621
0.064524355429 0.996406091591 0.054877210177 0.119544674464
-0.773087395707 0.015138700352 0.634118836143 -2.075608436627
0.000000000000 0.000000000000 0.000000000000 1.000000000000
126 126 0
0.658308220299 -0.084444971449 0.747996880931 -3.971462265108
0.062721611646 0.996385636130 0.057285805797 0.146587877252
-0.750130846265 0.009203853015 0.661225379557 -2.326838994851
0.000000000000 0.000000000000 0.000000000000 1.000000000000
127 127 0
0.725821535001 -0.081704630356 0.683013508437 -3.720036592926
0.058269399696 0.996654975844 0.057302148171 0.185476376310
-0.685410662587 -0.001792346024 0.728154524196 -2.575439104824
0.000000000000 0.000000000000 0.000000000000 1.000000000000
128 128 0
0.802262016431 -0.073631336730 0.592413777054 -3.544468024602
0.049217390226 0.997144020165 0.057283955413 0.183223303814
-0.594939749464 -0.016799681539 0.803594714522 -2.834564834797
0.000000000000 0.000000000000 0.000000000000 1.000000000000
129 129 0
0.843712974990 -0.066422510980 0.532669189900 -3.340329862884
0.040996933424 0.997389925800 0.059435573211 0.235510424834
-0.535226743805 -0.028308760979 0.844233940782 -3.047640612529
0.000000000000 0.000000000000 0.000000000000 1.000000000000
130 130 0
0.892763011341 -0.064307433606 0.445913399175 -3.132634636997
0.033652014705 0.996513976133 0.076337653084 0.242283671072
-0.449268012980 -0.053145548780 0.891814892877 -3.300441419064
0.000000000000 0.000000000000 0.000000000000 1.000000000000
131 131 0
0.933313653413 -0.050750444835 0.355457475236 -2.902618225233
0.023805458417 0.996528668420 0.079774138464 0.257116970299
-0.358272137491 -0.065992464472 0.931281949858 -3.433026908407
0.000000000000 0.000000000000 0.000000000000 1.000000000000
132 132 0
0.935474157093 -0.046721993206 0.350292958483 -2.658409348640
0.019664922896 0.996568201265 0.080405914180 0.249988577809
-0.352847548127 -0.068329170773 0.933182582457 -3.446207658211
0.000000000000 0.000000000000 0.000000000000 1.000000000000
133 133 0
0.937221351579 -0.047337095038 0.345507362551 -2.391576031579
0.019610390316 0.996330728773 0.083309732295 0.253285570004
-0.348183243042 -0.071304125665 0.934710731151 -3.425600768952
0.000000000000 0.000000000000 0.000000000000 1.000000000000
134 134 0
0.952425374599 -0.043710804327 0.301621072548 -2.163092134360
0.020282867828 0.996558401268 0.080373864745 0.231126395697
-0.304096220122 -0.070432367889 0.950034089105 -3.455577764939
0.000000000000 0.000000000000 0.000000000000 1.000000000000
135 135 0
0.976139132390 -0.032468541114 0.214704885958 -1.904989446934
0.017837192306 0.997405973426 0.069736351678 0.292249448683
-0.216412173380 -0.064242649483 0.974186149152 -3.570365063867
0.000000000000 0.000000000000 0.000000000000 1.000000000000
136 136 0
0.995622461551 -0.010870814267 0.092831780404 -1.750034980818
0.009135654741 0.999775916283 0.019095995200 0.333130994944
-0.093018567331 -0.018164322652 0.995498670775 -3.623187823747
0.000000000000 0.000000000000 0.000000000000 1.000000000000
137 137 0
0.999169292878 -0.002513901448 0.040674371154 -1.616633717000
0.003184132331 0.999860086681 -0.016421582230 0.352451287314
-0.040627398028 0.016537453285 0.999037500381 -3.685087445132
0.000000000000 0.000000000000 0.000000000000 1.000000000000
138 138 0
0.999310822059 -0.001819076368 0.037075219173 -1.525440819948
0.002476198220 0.999840527509 -0.017685813298 0.387397097073
-0.037037134850 0.017765430218 0.999155963867 -3.750590321111
0.000000000000 0.000000000000 0.000000000000 1.000000000000
139 139 0
0.999013602259 -0.004493847155 0.044177232135 -1.401510105602
0.005008728679 0.999920738833 -0.011551133646 0.400596340110
-0.044121821567 0.011761011403 0.998956927736 -3.763208372719
0.000000000000 0.000000000000 0.000000000000 1.000000000000
140 140 0
0.999311007825 -0.007278751127 0.036394084990 -1.199672646338
0.007374991907 0.999969652084 -0.002510857531 0.430221641148
-0.036374704598 0.002777533652 0.999334361549 -3.923571868154
0.000000000000 0.000000000000 0.000000000000 1.000000000000
141 141 0
0.999944968233 -0.008959988442 0.005457024135 -1.000905616870
0.008916379112 0.999928533979 0.007963988853 0.457057436744
-0.005527991391 -0.007914893685 0.999953396799 -4.005100726151
0.000000000000 0.000000000000 0.000000000000 1.000000000000
142 142 0
0.996945437694 -0.003731704982 -0.078011977542 -0.799904959265
0.004966544304 0.999865340044 0.015640818920 0.440781960738
0.077943105530 -0.015980493006 0.996829722743 -4.159062822919
0.000000000000 0.000000000000 0.000000000000 1.000000000000
143 143 0
0.993647385476 -0.001896795630 -0.112522333352 -0.527542724494
0.004268553359 0.999773691855 0.020840933933 0.436968025898
0.112457337639 -0.021188847097 0.993430611553 -4.216075329511
0.000000000000 0.000000000000 0.000000000000 1.000000000000
144 144 0
0.990603928938 -0.001267002568 -0.136756172355 -0.224487636581
0.003561128702 0.999856996210 0.016531953647 0.417976157733
0.136715669676 -0.016863624566 0.990466780781 -4.326595116821
0.000000000000 0.000000000000 0.000000000000 1.000000000000
145 145 0
0.984168225959 -0.001194810916 -0.177232828337 0.032770126506
0.001557627492 0.999996966662 0.001907999761 0.404732748525
0.177230011031 -0.002153855466 0.984167101714 -4.307003785906
0.000000000000 0.000000000000 0.000000000000 1.000000000000
146 146 0
0.965879151891 -0.001568868727 -0.258988421735 0.295666866596
-0.002586920181 0.999873327899 -0.015704649028 0.397510796994
0.258980253660 0.015838775459 0.965752743411 -4.293790597643
0.000000000000 0.000000000000 0.000000000000 1.000000000000
147 147 0
0.921979619652 0.003991328790 -0.387217833062 0.494274130153
-0.011616703804 0.999781915942 -0.017354329362 0.371141546811
0.387064120191 0.020498532859 0.921824916680 -4.106500775569
0.000000000000 0.000000000000 0.000000000000 1.000000000000
148 148 0
0.850939599578 0.008625700554 -0.525192721922 0.668612618635
-0.021555239968 0.999596341122 -0.018507470016 0.339204304306
0.524821083322 0.027069394275 0.850782039299 -3.849282001204
0.000000000000 0.000000000000 0.000000000000 1.000000000000
149 149 0
0.775071050556 0.012400952439 -0.631752390553 0.831706131883
-0.028700158904 0.999466451807 -0.015592068231 0.319253651409
0.631221963710 0.030216354701 0.775013422103 -3.578970902872
0.000000000000 0.000000000000 0.000000000000 1.000000000000
150 150 0
0.669724302794 0.012310764964 -0.742507779968 0.987027757887
-0.036300878285 0.999209985335 -0.016175643469 0.292775656208
0.741722053388 0.037786906091 0.669642102355 -3.329182005014
0.000000000000 0.000000000000 0.000000000000 1.000000000000
151 151 0
0.549198470124 0.015656987269 -0.835545270565 0.984663459001
-0.044023803888 0.998978236187 -0.010217060067 0.281408657961
0.834531572263 0.042395074889 0.549326599138 -3.049713257166
0.000000000000 0.000000000000 0.000000000000 1.000000000000
152 152 0
0.530942310118 0.014631683381 -0.847281639815 0.978863114638
-0.042803695734 0.999037664005 -0.009570241969 0.260002510948
0.846326241445 0.041348031891 0.531057655346 -2.747385550084
0.000000000000 0.000000000000 0.000000000000 1.000000000000
153 153 0
0.515862894332 0.013457081821 -0.856565456460 0.971212745669
-0.040982194317 0.999119480040 -0.008984673298 0.215312475655
0.855690325995 0.039738791554 0.515960167498 -2.453651349467
0.000000000000 0.000000000000 0.000000000000 1.000000000000
154 154 0
0.509399962365 0.007335957406 -0.860498612475 1.139577777046
-0.038121319644 0.999174355212 -0.014048945699 0.210875242302
0.859685083813 0.039959875069 0.509259035319 -2.252954997233
0.000000000000 0.000000000000 0.000000000000 1.000000000000
155 155 0
0.538440971639 0.006207811588 -0.842640364056 1.279137663780
-0.034594589507 0.999292667161 -0.014743803310 0.234507615031
0.841952810101 0.037089465276 0.538274871351 -2.113372316066
0.000000000000 0.000000000000 0.000000000000 1.000000000000
156 156 0
0.547623758964 0.024434794048 -0.836367837412 1.434847142173
-0.031718736736 0.999461272060 0.008431333901 0.258472691976
0.836123280598 0.021911332485 0.548103779544 -2.032845450775
0.000000000000 0.000000000000 0.000000000000 1.000000000000
157 157 0
0.551908480075 0.116347343399 -0.825748342599 1.545370229001
-0.033372692852 0.992507454091 0.117538151022 0.275819960078
0.833236636852 -0.037312856471 0.551656104606 -1.949938908096
