0 0 0
0.975366901235 0.010388817607 0.220344004782 -4.020359432728
-0.058732172689 0.975064398284 0.214009231322 -1.423499446764
-0.212626291568 -0.221678802930 0.951655698489 -6.044170735361
0.000000000000 0.000000000000 0.000000000000 1.000000000000
1 1 0
0.952554567367 0.006322088335 0.304302197473 -3.962808342855
-0.076520482951 0.972646696273 0.219324006707 -1.441884576282
-0.294591941296 -0.232203435436 0.926982822222 -6.045363785629
0.000000000000 0.000000000000 0.000000000000 1.000000000000
2 2 0
0.901947923890 -0.000033705587 0.431844811772 -3.860618712368
-0.103906207188 0.970604920317 0.217093502355 -1.434918977489
-0.419158016383 -0.240678390224 0.875431590577 -5.991033853669
0.000000000000 0.000000000000 0.000000000000 1.000000000000
3 3 0
0.889026133327 -0.012600987698 0.457683022812 -3.687859500313
-0.108083734325 0.965593343702 0.236532029488 -1.429784159636
-0.444916217546 -0.259751245826 0.857075754911 -5.961860802587
0.000000000000 0.000000000000 0.000000000000 1.000000000000
4 4 0
0.868032024534 -0.029075933903 0.495656125203 -3.525853722562
-0.117625905588 0.957822628953 0.262183061618 -1.465161343214
-0.482373870269 -0.285885294362 0.828000632699 -5.906961371864
0.000000000000 0.000000000000 0.000000000000 1.000000000000
5 5 0
0.861609594051 -0.029684994005 0.506702781293 -3.341594021573
-0.118853231408 0.958734350939 0.258267988170 -1.470708714265
-0.493460045823 -0.282749439364 0.822526557453 -5.905125583293
0.000000000000 0.000000000000 0.000000000000 1.000000000000
6 6 0
0.863479132913 -0.029086872311 0.503545172635 -3.164314708301
-0.118807023658 0.958516062696 0.259098144885 -1.458765744165
-0.490192490920 -0.283550544723 0.824202893973 -5.855202282198
0.000000000000 0.000000000000 0.000000000000 1.000000000000
7 7 0
0.901628903950 -0.024634908896 0.431808338068 -2.957975842946
-0.102796116104 0.957562605982 0.269270893598 -1.447774267466
-0.420116981417 -0.287170640715 0.860833749940 -5.807947998752
0.000000000000 0.000000000000 0.000000000000 1.000000000000
8 8 0
0.931223819719 -0.018657500274 0.363969909843 -2.754033022196
-0.089235527000 0.956616493890 0.277347984199 -1.429494170176
-0.353354239127 -0.290752095954 0.889159153577 -5.727188840754
0.000000000000 0.000000000000 0.000000000000 1.000000000000
9 9 0
0.958979699099 -0.011998608601 0.283220709180 -2.570899322092
-0.072601374446 0.955384974565 0.286301573176 -1.413927023761
-0.274020030554 -0.295119609254 0.915323679956 -5.630324047348
0.000000000000 0.000000000000 0.000000000000 1.000000000000
10 10 0
0.987498409995 -0.004801066798 0.157555831424 -2.376152742290
-0.042460688914 0.954487704437 0.295212316776 -1.383477663839
-0.151802437909 -0.298211622572 0.942351233887 -5.512029392402
0.000000000000 0.000000000000 0.000000000000 1.000000000000
11 11 0
0.999743499644 0.009388159313 -0.020610613372 -2.218034423803
-0.002670828307 0.952559656061 0.304340218046 -1.350187312679
0.022490033237 -0.304207107263 0.952340398332 -5.377622743971
0.000000000000 0.000000000000 0.000000000000 1.000000000000
12 12 0
0.995351490249 0.018663316148 -0.094483286824 -2.083056663971
0.011513106727 0.950950578395 0.309128526384 -1.317225047909
0.095618299672 -0.308779335580 0.946315202608 -5.225865962270
0.000000000000 0.000000000000 0.000000000000 1.000000000000
13 13 0
0.992934828939 0.023596613700 -0.116291123057 -2.010977870116
0.013718051677 0.950630453019 0.310021865116 -1.269197402787
0.117865349183 -0.309426795242 0.943590386687 -5.031846137882
0.000000000000 0.000000000000 0.000000000000 1.000000000000
14 14 0
0.992642678790 0.023245863001 -0.118828204139 -1.946842696817
0.014572373223 0.951327839254 0.307835976128 -1.220296215113
0.120200491614 -0.307302736912 0.943989867373 -4.839277830951
0.000000000000 0.000000000000 0.000000000000 1.000000000000
15 15 0
0.995080674669 0.020788208808 -0.096862279936 -1.867732850694
0.009727659980 0.952508254783 0.304357351153 -1.178113276543
0.098589165384 -0.303802361650 0.947620336171 -4.640639886345
0.000000000000 0.000000000000 0.000000000000 1.000000000000
16 16 0
0.999400155931 0.013409800836 -0.031929697262 -1.778980885232
-0.003394140293 0.955477682270 0.295043858597 -1.135450782965
0.034464592517 -0.294758504416 0.954950059394 -4.466615536137
0.000000000000 0.000000000000 0.000000000000 1.000000000000
17 17 0
0.998582996488 0.005306218024 0.052951328361 -1.683266848321
-0.020187097223 0.958417106738 0.284656162094 -1.084157007181
-0.049239011267 -0.285321736926 0.957166143471 -4.274277170470
0.000000000000 0.000000000000 0.000000000000 1.000000000000
18 18 0
0.992542789885 0.001974583259 0.121880725581 -1.648022972191
-0.035328596225 0.961614175571 0.272121420748 -1.025919090138
-0.116664907046 -0.274398029079 0.954512975869 -4.073734296865
0.000000000000 0.000000000000 0.000000000000 1.000000000000
19 19 0
0.987359060967 0.000386558685 0.158499007250 -1.585158989483
-0.042199293682 0.964544341009 0.260525303646 -0.967393493795
-0.152778612180 -0.263920565322 0.952367907303 -3.862739242595
0.000000000000 0.000000000000 0.000000000000 1.000000000000
20 20 0
0.983026929111 0.000425316823 0.183460828920 -1.499680276779
-0.047296411229 0.966783098849 0.251184173995 -0.915761357807
-0.177259995846 -0.255597846013 0.950393936737 -3.664827798665
0.000000000000 0.000000000000 0.000000000000 1.000000000000
21 21 0
0.981844488933 0.000846957088 0.189685745946 -1.427775374804
-0.048465016699 0.967919755257 0.246541050415 -0.860983833823
-0.183391771102 -0.251258094491 0.950387725218 -3.465040132828
0.000000000000 0.000000000000 0.000000000000 1.000000000000
22 22 0
0.982245257164 0.002707349748 0.187581782262 -1.358110544381
-0.048912529603 0.969008157118 0.242137886102 -0.802829946077
-0.181112725193 -0.247013889682 0.951936089807 -3.256841415198
0.000000000000 0.000000000000 0.000000000000 1.000000000000
23 23 0
0.982893533844 0.003836995312 0.184134675157 -1.291270582777
-0.048680329557 0.969639196747 0.239645683555 -0.742554189755
-0.177624679148 -0.244509929449 0.953238882840 -3.044166116941
0.000000000000 0.000000000000 0.000000000000 1.000000000000
24 24 0
0.983280276492 0.004020387802 0.182054207157 -1.181423467575
-0.047878497893 0.970288614328 0.237165879386 -0.691731408408
-0.175691625586 -0.241917013431 0.954258147103 -2.853174181163
0.000000000000 0.000000000000 0.000000000000 1.000000000000
25 25 0
0.983713731207 0.005026381610 0.179672008180 -1.089309714665
-0.047660947175 0.971120957500 0.233778784365 -0.640011505081
-0.173308191237 -0.238534738336 0.955544582663 -2.661173761284
0.000000000000 0.000000000000 0.000000000000 1.000000000000
26 26 0
0.984684855247 0.005852095025 0.174245484391 -1.004593151229
-0.046378001945 0.972218165060 0.229436092330 -0.594259502211
-0.168061943290 -0.234003402778 0.957599911605 -2.476135630405
0.000000000000 0.000000000000 0.000000000000 1.000000000000
27 27 0
0.985916989660 0.007409143815 0.167071224593 -0.915707783202
-0.045463820649 0.973267825188 0.225128366642 -0.544976189899
-0.160937038965 -0.229553577717 0.959898132328 -2.287218220649
0.000000000000 0.000000000000 0.000000000000 1.000000000000
28 28 0
0.986787762825 0.009275513022 0.161752514653 -0.851124526982
-0.045597775746 0.973905444136 0.222326401334 -0.487405657454
-0.155469463193 -0.226764527079 0.961460917185 -2.092516873706
0.000000000000 0.000000000000 0.000000000000 1.000000000000
29 29 0
0.987248079419 0.009356557382 0.158914079040 -0.763645262931
-0.044937030150 0.974051752889 0.221819399547 -0.435597068308
-0.152715071307 -0.226131902942 0.962051178196 -1.898964635050
0.000000000000 0.000000000000 0.000000000000 1.000000000000
30 30 0
0.987725704546 0.009840963960 0.155888062425 -0.699509888560
-0.044332874429 0.974633663705 0.219371415225 -0.384657029933
-0.149774927218 -0.223589751557 0.963107000377 -1.700424105449
0.000000000000 0.000000000000 0.000000000000 1.000000000000
31 31 0
0.988226373959 0.011644732973 0.152555019605 -0.644678649505
-0.044691702732 0.975582556889 0.215037965020 -0.335123741585
-0.146325956411 -0.219324132022 0.964616835636 -1.509691090684
0.000000000000 0.000000000000 0.000000000000 1.000000000000
32 32 0
0.988490021556 0.013409745569 0.150690596948 -0.600988481058
-0.045365345674 0.976500340925 0.210687136735 -0.272695657693
-0.144324158395 -0.215098263353 0.965869180793 -1.319791458911
0.000000000000 0.000000000000 0.000000000000 1.000000000000
33 33 0
0.986866052334 0.014653543259 0.160874697887 -0.564990901127
-0.048620408403 0.976642676499 0.209296770945 -0.213960202028
-0.154050156238 -0.214369671622 0.964527963955 -1.150085976645
0.000000000000 0.000000000000 0.000000000000 1.000000000000
34 34 0
0.969123069393 0.014127286161 0.246172492687 -0.499619000488
-0.066171519605 0.976636890168 0.204454676531 -0.173729411654
-0.237532747980 -0.214431351597 0.947416164676 -0.970999515772
0.000000000000 0.000000000000 0.000000000000 1.000000000000
35 35 0
0.918628358070 0.016234005639 0.394789053560 -0.412668943535
-0.098516016681 0.977011221850 0.189059955664 -0.125700515718
-0.382644135205 -0.212568881635 0.899109524115 -0.793244546672
0.000000000000 0.000000000000 0.000000000000 1.000000000000
36 36 0
0.896680732693 0.017928927498 0.442314613341 -0.316938665568
-0.109052611861 0.977332818310 0.181460987821 -0.077874235645
-0.429035186742 -0.210948135364 0.878310703979 -0.623772163038
0.000000000000 0.000000000000 0.000000000000 1.000000000000
37 37 0
0.898900727068 0.020922816468 0.437652508993 -0.232901690639
-0.109825691052 0.977731077992 0.178830245524 -0.015913119358
-0.424164826998 -0.208816126964 0.881181039661 -0.458867815610
0.000000000000 0.000000000000 0.000000000000 1.000000000000
38 38 0
0.903166522062 0.024537609242 0.428588542964 -0.129831267112
-0.109819829959 0.978350928883 0.175411131065 0.019309984415
-0.415005829327 -0.205492982086 0.886308521869 -0.269379010940
0.000000000000 0.000000000000 0.000000000000 1.000000000000
39 39 0
0.915456144763 0.026881271315 0.401518921433 -0.056927496505
-0.105409417645 0.978946652098 0.174792182372 0.045809653919
-0.388366967812 -0.202338453091 0.899016267213 -0.058116860442
0.000000000000 0.000000000000 0.000000000000 1.000000000000
40 40 0
0.936952195897 0.029207009635 0.348234882217 0.003798630902
-0.096402874361 0.979436155612 0.177232341562 0.095533459825
-0.335897407581 -0.199629075209 0.920500496421 0.135369839659
0.000000000000 0.000000000000 0.000000000000 1.000000000000
41 41 0
0.941671991390 0.030042524277 0.335188465445 0.082024058268
-0.093706819602 0.980023940972 0.175419802423 0.147471215099
-0.323222667201 -0.196597359741 0.925676285507 0.318401322917
0.000000000000 0.000000000000 0.000000000000 1.000000000000
42 42 0
0.946652152705 0.031519460657 0.320712059921 0.148890121203
-0.090892739875 0.980914737482 0.171885972750 0.207224912466
-0.309173432909 -0.191866623960 0.931449937996 0.509076276846
0.000000000000 0.000000000000 0.000000000000 1.000000000000
43 43 0
0.950764502681 0.030472726425 0.308412505235 0.298440307430
-0.086664729766 0.981594477305 0.170180806025 0.249775586281
-0.297550138725 -0.188530355829 0.935906095650 0.672855955428
0.000000000000 0.000000000000 0.000000000000 1.000000000000
44 44 0
0.954530664308 0.029243760740 0.296674928757 0.471177016201
-0.082458482821 0.982249616695 0.168482310980 0.266152346464
-0.286481778663 -0.185284896740 0.939998775283 0.792879202224
0.000000000000 0.000000000000 0.000000000000 1.000000000000
45 45 0
0.959170283955 0.028840124253 0.281354960169 0.658678656947
-0.077691948181 0.983386288237 0.164059042103 0.287378684843
-0.271949126798 -0.179219572985 0.945475550764 0.871776492706
0.000000000000 0.000000000000 0.000000000000 1.000000000000
46 46 0
0.962214101430 0.039319503956 0.269440159624 0.861731108320
-0.075621101358 0.989181523499 0.125703470907 0.308522130267
-0.261582629467 -0.141329013926 0.954777794978 0.924170112203
0.000000000000 0.000000000000 0.000000000000 1.000000000000
47 47 0
0.966387598033 0.053539613141 0.251452819019 1.035817584956
-0.075062559337 0.994217602019 0.076791744489 0.335712247977
-0.245887418453 -0.093085281654 0.964818380726 0.969566469130
0.000000000000 0.000000000000 0.000000000000 1.000000000000
48 48 0
0.978279551559 0.060391322230 0.198297774070 1.230879188675
-0.069186990115 0.996890172376 0.037724589048 0.343693868194
-0.195402864362 -0.050624820191 0.979415564600 1.005575620356
0.000000000000 0.000000000000 0.000000000000 1.000000000000
49 49 0
0.991551049711 0.051488670246 0.119060625954 1.407581238418
-0.055725485369 0.997915993800 0.032532131799 0.344618613061
-0.117137466665 -0.038891980604 0.992353882316 1.050871088859
0.000000000000 0.000000000000 0.000000000000 1.000000000000
50 50 0
0.999329084194 0.035080002065 0.010524967459 1.535479609393
-0.035395893759 0.998876779183 0.031500963690 0.331009112341
-0.009408091725 -0.031852369825 0.999448304990 1.125986494223
0.000000000000 0.000000000000 0.000000000000 1.000000000000
51 51 0
0.999662742918 0.023584830709 -0.010869966992 1.663116045289
-0.023337901962 0.999478676800 0.022309570930 0.319698002833
0.011390467679 -0.022048364645 0.999692016004 1.219473898245
0.000000000000 0.000000000000 0.000000000000 1.000000000000
52 52 0
0.999282384319 0.016964079668 -0.033866449323 1.789593143588
-0.016370914406 0.999709026354 0.017715975499 0.321889112263
0.034157130299 -0.017148837494 0.999269336977 1.308578298093
0.000000000000 0.000000000000 0.000000000000 1.000000000000
53 53 0
0.998817556783 0.011780543140 -0.047166800452 1.928132853125
-0.011110766197 0.999834044311 0.014437268144 0.336092513041
0.047329051714 -0.013896137602 0.998782688188 1.432359467022
0.000000000000 0.000000000000 0.000000000000 1.000000000000
54 54 0
0.997020945288 0.005359212673 -0.076944873106 2.056802832011
-0.004472955512 0.999921714250 0.011685805095 0.346179591440
0.077001476134 -0.011306821448 0.996966864275 1.573580578085
0.000000000000 0.000000000000 0.000000000000 1.000000000000
55 55 0
0.988959052495 -0.008180629763 -0.147963068987 2.166172211876
0.009118501468 0.999942399545 0.005661318207 0.371554828975
0.147908233099 -0.006948013351 0.988976683088 1.702068543935
0.000000000000 0.000000000000 0.000000000000 1.000000000000
56 56 0
0.967501144817 -0.030085204260 -0.251070538419 2.277438448690
0.030672469307 0.999528248689 -0.001574706292 0.404005867494
0.250999470923 -0.006177423243 0.967967512388 1.829601936202
0.000000000000 0.000000000000 0.000000000000 1.000000000000
57 57 0
0.935976612904 -0.056523932440 -0.347495072136 2.400200385756
0.056550462945 0.998348915907 -0.010074087920 0.428944845119
0.347490755615 -0.010221896511 0.937627691354 1.946727561253
0.000000000000 0.000000000000 0.000000000000 1.000000000000
58 58 0
0.851810658351 -0.091478131803 -0.515800691858 2.466438002283
0.090820363885 0.995512725573 -0.026572066663 0.464056392169
0.515916915621 -0.024210836929 0.856296427385 2.064490967775
0.000000000000 0.000000000000 0.000000000000 1.000000000000
59 59 0
0.745320398945 -0.133664929513 -0.653170107655 2.531203324828
0.131738750491 0.989906474896 -0.052250096444 0.496098451710
0.653561324234 -0.047104751114 0.755406339586 2.197356142265
0.000000000000 0.000000000000 0.000000000000 1.000000000000
60 60 0
0.604636363754 -0.170090398499 -0.778128603744 2.582302256387
0.167722795817 0.982216868117 -0.084374686668 0.536160298924
0.778642364240 -0.079493901185 0.622412072733 2.313375655228
0.000000000000 0.000000000000 0.000000000000 1.000000000000
61 61 0
0.505579253897 -0.194042271747 -0.840676641048 2.593707358557
0.199544695839 0.974260800476 -0.104870429666 0.574230002661
0.839387593661 -0.114732251050 0.531286154701 2.454320322346
0.000000000000 0.000000000000 0.000000000000 1.000000000000
62 62 0
0.301240532890 -0.214238797241 -0.929169456612 2.576115005552
0.222252713681 0.963370608091 -0.150069326404 0.604486393535
0.927285216428 -0.161303469345 0.337821429414 2.578011605758
0.000000000000 0.000000000000 0.000000000000 1.000000000000
63 63 0
0.081432084590 -0.227552702110 -0.970354874962 2.537507201110
0.239575921579 0.949511940632 -0.202559750187 0.633895153042
0.967456558921 -0.215978800716 0.131836884984 2.683112030995
0.000000000000 0.000000000000 0.000000000000 1.000000000000
64 64 0
-0.141173752991 -0.229122473509 -0.963105842366 2.467064331343
0.247012740575 0.933927250239 -0.258388461921 0.665813309468
0.958673394572 -0.274377082486 -0.075249844828 2.774716533259
0.000000000000 0.000000000000 0.000000000000 1.000000000000
65 65 0
-0.316321378740 -0.222463926975 -0.922198778218 2.388508040387
0.248930202366 0.918585185958 -0.306977214933 0.695019476802
0.915409492906 -0.326666584353 -0.235190142152 2.861835491276
0.000000000000 0.000000000000 0.000000000000 1.000000000000
66 66 0
-0.512694745754 -0.199239643533 -0.835133319968 2.306027457086
0.229405669820 0.905546917115 -0.356872273451 0.712270403271
0.827355507826 -0.374550858160 -0.418562442559 2.913871915047
0.000000000000 0.000000000000 0.000000000000 1.000000000000
67 67 0
-0.667790243137 -0.170657752872 -0.724521995909 2.214333775088
0.203706114373 0.894302978630 -0.398404318979 0.712169026969
0.715932964836 -0.413640077602 -0.562442775812 2.868898021569
0.000000000000 0.000000000000 0.000000000000 1.000000000000
68 68 0
-0.809575161509 -0.127774643140 -0.572941269624 2.118711093626
0.166748150651 0.885760171670 -0.433155829393 0.688568630328
0.562834888864 -0.446209097681 -0.695783248595 2.816963953377
0.000000000000 0.000000000000 0.000000000000 1.000000000000
69 69 0
-0.843518940862 -0.082874320186 -0.530667168251 2.033574748160
0.178768865518 0.888368887856 -0.422897637509 0.671572645370
0.506475556298 -0.451588934921 -0.734540635179 2.743808938202
0.000000000000 0.000000000000 0.000000000000 1.000000000000
70 70 0
-0.843852678725 -0.029820338605 -0.535745652351 1.917566674864
0.194634948563 0.913440400789 -0.357412746003 0.678841530240
0.500029892512 -0.405878530613 -0.765005048991 2.738417950001
0.000000000000 0.000000000000 0.000000000000 1.000000000000
71 71 0
-0.838719242428 0.018559343920 -0.544247722213 1.829238998523
0.201710754306 0.938917561881 -0.278830743620 0.665876722212
0.505828828734 -0.343641328632 -0.791231845465 2.724790499225
0.000000000000 0.000000000000 0.000000000000 1.000000000000
72 72 0
-0.832826105220 0.050991488759 -0.551181046969 1.716410838976
0.207409861155 0.951950475410 -0.225325191363 0.646347276675
0.513207392736 -0.301977085953 -0.803385344402 2.764131187311
0.000000000000 0.000000000000 0.000000000000 1.000000000000
73 73 0
-0.832441824972 0.118049751280 -0.541391599731 1.619589661817
0.209272076808 0.971661340974 -0.109906489005 0.651717188676
0.513074854096 -0.204788902726 -0.833556056552 2.784892429050
0.000000000000 0.000000000000 0.000000000000 1.000000000000
74 74 0
-0.842306971252 0.150696126548 -0.517503278854 1.538922755566
0.209114417972 0.976282378577 -0.056070290497 0.650489081914
0.496779756408 -0.155445793522 -0.853842186179 2.845415114732
0.000000000000 0.000000000000 0.000000000000 1.000000000000
75 75 0
-0.887801680999 0.153124565353 -0.434005809524 1.413964328411
0.193060468170 0.979953557152 -0.049180092067 0.684427613398
0.417774856646 -0.127451533184 -0.899566715616 2.911893352968
0.000000000000 0.000000000000 0.000000000000 1.000000000000
76 76 0
-0.916938367027 0.155372129175 -0.367537117241 1.277921470960
0.175752993725 0.984178930473 -0.022421373958 0.704521599236
0.358238630344 -0.085154766683 -0.929738538214 2.971441098167
0.000000000000 0.000000000000 0.000000000000 1.000000000000
77 77 0
-0.946531329964 0.148001261864 -0.286660195848 1.156745036553
0.155361033033 0.987853301721 -0.002967101966 0.710019125708
0.282739086106 -0.047344279127 -0.958027728420 3.000401180613
0.000000000000 0.000000000000 0.000000000000 1.000000000000
78 78 0
-0.968575387806 0.127612825127 -0.213486966816 1.017886529743
0.132710319290 0.991107810485 -0.009658113098 0.724440042640
0.210356101150 -0.037686534170 -0.976898170666 3.053404201264
0.000000000000 0.000000000000 0.000000000000 1.000000000000
79 79 0
-0.976756404570 0.114459363058 -0.181234600284 0.866950574009
0.118060049496 0.992964118745 -0.009169710949 0.734123276229
0.178909895882 -0.030353139778 -0.983397140560 3.061526323319
0.000000000000 0.000000000000 0.000000000000 1.000000000000
80 80 0
-0.978727601627 0.111144287394 -0.172450657268 0.742722764949
0.114141809834 0.993435909437 -0.007532668062 0.755504270838
0.170481462512 -0.027056260274 -0.984989355130 3.098371599273
0.000000000000 0.000000000000 0.000000000000 1.000000000000
81 81 0
-0.979286018217 0.114619218887 -0.166917132692 0.611939108780
0.115147953283 0.993326825894 0.006539557623 0.769228522599
0.166552824591 -0.012816068852 -0.985949240580 3.119313172279
0.000000000000 0.000000000000 0.000000000000 1.000000000000
82 82 0
-0.988933455149 0.107628042610 -0.102111829539 0.474988441697
0.107924347584 0.994155618605 0.002634614718 0.774846041716
0.101798607487 -0.008414893947 -0.994769437143 3.107803113383
0.000000000000 0.000000000000 0.000000000000 1.000000000000
83 83 0
-0.996257885442 0.075755819466 0.041608671110 0.340118995573
0.075448386087 0.997109880107 -0.008912240475 0.788703653873
-0.042163571143 -0.005739582767 -0.999094235024 3.094062694746
0.000000000000 0.000000000000 0.000000000000 1.000000000000
84 84 0
-0.973896619700 0.029189287181 0.225107440240 0.239051016004
0.020432288847 0.998944705117 -0.041133899549 0.786731754125
-0.226070554717 -0.035460705485 -0.973465275527 3.064289109929
0.000000000000 0.000000000000 0.000000000000 1.000000000000
85 85 0
-0.906136720811 -0.004922961079 0.422956271560 0.142158569693
-0.054399949134 0.992984465241 -0.104988081824 0.804288450080
-0.419472154895 -0.118142355847 -0.900047495982 3.073489375089
0.000000000000 0.000000000000 0.000000000000 1.000000000000
86 86 0
-0.814568851916 -0.032814808067 0.579137957537 0.053826271189
-0.120809048677 0.986102745792 -0.114046255966 0.822723330309
-0.567347124119 -0.162863633490 -0.807212907255 3.083218588255
0.000000000000 0.000000000000 0.000000000000 1.000000000000
87 87 0
-0.735623615695 -0.055177409582 0.675139503735 -0.034474427311
-0.161863300445 0.982122941308 -0.096097867435 0.839416087114
-0.657767563810 -0.179972169039 -0.731404026767 3.125770924536
0.000000000000 0.000000000000 0.000000000000 1.000000000000
88 88 0
-0.648373488274 -0.074690016646 0.757649801106 -0.120700142560
-0.188736742100 0.979879671528 -0.064917420676 0.842685665270
-0.737556955011 -0.185087089607 -0.649424751127 3.156719282200
0.000000000000 0.000000000000 0.000000000000 1.000000000000
89 89 0
-0.542778050888 -0.089970489918 0.835043291344 -0.199095947759
-0.211841306123 0.976764977199 -0.032456745635 0.847233971432
-0.812720892124 -0.194513470641 -0.549226056597 3.180581938322
0.000000000000 0.000000000000 0.000000000000 1.000000000000
90 90 0
-0.356724082770 -0.103521373094 0.928456382435 -0.236519867051
-0.238852426417 0.970915930554 0.016485575250 0.847168659831
-0.903159701917 -0.215883258057 -0.371075425923 3.204359312887
0.000000000000 0.000000000000 0.000000000000 1.000000000000
91 91 0
-0.124795299606 -0.110105072752 0.986054261261 -0.245893458233
-0.260790817677 0.962518663938 0.074471276254 0.843378464643
-0.957295295409 -0.247860231836 -0.148832196995 3.162409785572
0.000000000000 0.000000000000 0.000000000000 1.000000000000
92 92 0
0.103175536256 -0.109622990362 0.988603868444 -0.287948304128
-0.271256695146 0.953133746482 0.133999502448 0.848393444007
-0.956961135082 -0.281990888686 0.068604115339 3.150222702894
0.000000000000 0.000000000000 0.000000000000 1.000000000000
93 93 0
0.299832044567 -0.108656604561 0.947783987698 -0.330949241273
-0.267469248736 0.944071494090 0.192845054454 0.834174658162
-0.915729734164 -0.311324198115 0.254000585898 3.092689075323
0.000000000000 0.000000000000 0.000000000000 1.000000000000
94 94 0
0.494053385692 -0.097030484421 0.864000195127 -0.402977711853
-0.252364276436 0.934964275488 0.249307191112 0.835326866685
-0.831999713982 -0.341213845930 0.437435237813 3.064648191318
0.000000000000 0.000000000000 0.000000000000 1.000000000000
95 95 0
0.601161519219 -0.090306491316 0.794008542420 -0.457862942054
-0.237872888416 0.928332849862 0.285682706554 0.823128142489
-0.762903215858 -0.360614555299 0.536596520431 3.019785877206
0.000000000000 0.000000000000 0.000000000000 1.000000000000
96 96 0
0.764210967078 -0.072140870009 0.640919099943 -0.494204306899
-0.191961912358 0.923249180956 0.332808614775 0.812357884232
-0.615737137098 -0.377368049441 0.691708850066 2.934384868607
0.000000000000 0.000000000000 0.000000000000 1.000000000000
97 97 0
0.841543980492 -0.035511346974 0.539020104573 -0.544826013463
-0.169262013273 0.930252672139 0.325546213065 0.803212147916
-0.512985477144 -0.365197084071 0.776837814492 2.855485289476
0.000000000000 0.000000000000 0.000000000000 1.000000000000
98 98 0
0.887591747783 -0.006320896141 0.460587598118 -0.536819734110
-0.147394123134 0.943436730182 0.296988398105 0.773961354463
-0.436412490350 -0.331492356496 0.836454993320 2.758621035005
0.000000000000 0.000000000000 0.000000000000 1.000000000000
99 99 0
0.892064452048 0.015714431636 0.451634885755 -0.588112074726
-0.142751288710 0.958022307894 0.248626883398 0.756254772414
-0.428769265415 -0.286262666471 0.856860900509 2.709133681259
0.000000000000 0.000000000000 0.000000000000 1.000000000000
100 100 0
0.892039063012 0.052447540066 0.448904851391 -0.590792721438
-0.135839219238 0.978432864795 0.155617594139 0.737832028599
-0.431061499763 -0.199795857389 0.879924768825 2.659319229276
0.000000000000 0.000000000000 0.000000000000 1.000000000000
101 101 0
0.892644660557 0.050501062437 0.447923154873 -0.636042908007
-0.129064231352 0.980735017198 0.146633046166 0.734779255132
-0.431888798378 -0.188702063410 0.881965757329 2.636078710482
0.000000000000 0.000000000000 0.000000000000 1.000000000000
102 102 0
0.887946278970 0.052147764764 0.456981417887 -0.635745045003
-0.122578124149 0.984448678743 0.125838795297 0.701712302490
-0.443312541154 -0.167754015009 0.880529716309 2.566757515073
0.000000000000 0.000000000000 0.000000000000 1.000000000000
103 103 0
0.855845767832 0.078763202343 0.511198962872 -0.613277312053
-0.126459067002 0.990206715110 0.059150365377 0.669835411819
-0.501533773596 -0.115269333771 0.857424547488 2.455392428373
0.000000000000 0.000000000000 0.000000000000 1.000000000000
104 104 0
0.830122490396 0.090885663512 0.550124028839 -0.578173831775
-0.131510927362 0.990704664130 0.034772754487 0.648453961619
-0.541850096358 -0.101212966750 0.834358680927 2.349060838889
0.000000000000 0.000000000000 0.000000000000 1.000000000000
105 105 0
0.821427068210 0.132897004043 0.554613340922 -0.600961693911
-0.134280691395 0.990199347580 -0.038392030045 0.635347540123
-0.554279954112 -0.042937610193 0.831222048613 2.232396229709
0.000000000000 0.000000000000 0.000000000000 1.000000000000
106 106 0
0.821883907358 0.192143398580 0.536272092513 -0.527907161808
-0.136571876768 0.980404982102 -0.141965466030 0.610701766069
-0.553041558386 0.043439445798 0.832020462036 2.152488570077
0.000000000000 0.000000000000 0.000000000000 1.000000000000
107 107 0
0.823703907011 0.211300505453 0.526178648341 -0.435297206123
-0.137803008055 0.974748948537 -0.175712316862 0.578962529543
-0.550020185580 0.072225921394 0.832022362520 2.057793689341
0.000000000000 0.000000000000 0.000000000000 1.000000000000
108 108 0
0.824151939547 0.214844264184 0.524037711132 -0.351623534274
-0.137715061295 0.973507156319 -0.182533225710 0.555347002359
-0.549370678535 0.078267226491 0.831905102054 1.940561610920
0.000000000000 0.000000000000 0.000000000000 1.000000000000
109 109 0
0.823728861576 0.218792249744 0.523068555792 -0.296664874374
-0.138336043988 0.972220276303 -0.188814388433 0.557542967870
-0.549848980666 0.083172626490 0.831112755685 1.820463188627
0.000000000000 0.000000000000 0.000000000000 1.000000000000
110 110 0
0.824848527787 0.218012445524 0.521627721468 -0.174300592207
-0.137950138731 0.972381951049 -0.188263380663 0.546124905017
-0.548265141543 0.083330155834 0.832142667875 1.729693565022
0.000000000000 0.000000000000 0.000000000000 1.000000000000
111 111 0
0.829380600541 0.216851652016 0.514881715022 -0.083442583308
-0.137346218514 0.972455090245 -0.188327145457 0.534470784520
-0.541538397259 0.085477824458 0.836319141130 1.584608694306
0.000000000000 0.000000000000 0.000000000000 1.000000000000
112 112 0
0.843308921045 0.210357777346 0.494549966329 0.047333967395
-0.134723711640 0.973577412428 -0.184381516244 0.500467983808
-0.520268762475 0.088862970469 0.849366697765 1.458011267441
0.000000000000 0.000000000000 0.000000000000 1.000000000000
113 113 0
0.880341930668 0.190798444516 0.434274151519 0.172314204153
-0.127539039534 0.977030945203 -0.170717092029 0.469841205634
-0.456871840347 0.094902506216 0.884455558981 1.341262883532
0.000000000000 0.000000000000 0.000000000000 1.000000000000
114 114 0
0.890889607489 0.174350355625 0.419425393558 0.316449212965
-0.115314045011 0.979959937879 -0.162422877621 0.431985748224
-0.439338569091 0.096335214979 0.893141169169 1.225272643834
0.000000000000 0.000000000000 0.000000000000 1.000000000000
115 115 0
0.891567932407 0.165330761298 0.421630598122 0.465792467858
-0.109788545188 0.982115877992 -0.152953841215 0.399884907674
-0.439378080074 0.090078529992 0.893774446483 1.117925194432
0.000000000000 0.000000000000 0.000000000000 1.000000000000
116 116 0
0.889192212644 0.162280942276 0.427787452771 0.618189306314
-0.108909698134 0.983183317003 -0.146592096717 0.360991264592
-0.444382590373 0.083758348489 0.891912917516 1.009422071551
0.000000000000 0.000000000000 0.000000000000 1.000000000000
117 117 0
0.885548292734 0.160967606484 0.435767886493 0.779842394891
-0.110823570950 0.984166280650 -0.138328840645 0.335589192488
-0.451134522462 0.074203515383 0.889365774554 0.936325168227
0.000000000000 0.000000000000 0.000000000000 1.000000000000
118 118 0
0.879443295745 0.162873826730 0.447271289191 0.938354671983
-0.114324278234 0.984407853998 -0.133682969721 0.301846175826
-0.462070826795 0.066432624165 0.884351320162 0.834853798960
0.000000000000 0.000000000000 0.000000000000 1.000000000000
119 119 0
0.852688576764 0.172506328763 0.493116373276 1.089483416942
-0.121645163132 0.983525173052 -0.133718690764 0.285422058167
-0.508059686791 0.054035178444 0.859625240525 0.777588504732
0.000000000000 0.000000000000 0.000000000000 1.000000000000
120 120 0
0.830949516109 0.183571873487 0.525189745656 1.254163091352
-0.132011324642 0.982093357368 -0.134408510072 0.259817362915
-0.540458982573 0.042355692392 0.840303566265 0.725235951917
0.000000000000 0.000000000000 0.000000000000 1.000000000000
121 121 0
0.810720379624 0.192003723251 0.553052471579 1.427881585125
-0.142225264146 0.980982541933 -0.132080379545 0.250081406249
-0.567894744033 0.028422221589 0.822610319057 0.707930267083
0.000000000000 0.000000000000 0.000000000000 1.000000000000
122 122 0
0.806130061711 0.196349923892 0.558212352957 1.577529331911
-0.149275869688 0.980311892033 -0.129249019599 0.241958479516
-0.572600243045 0.020863885687 0.819569191673 0.688704513629
0.000000000000 0.000000000000 0.000000000000 1.000000000000
123 123 0
0.808200507323 0.196849867658 0.555033395000 1.719599800159
-0.152367897486 0.980284421594 -0.125803325060 0.237503084554
-0.568854958472 0.017105039706 0.822259967309 0.684679487628
0.000000000000 0.000000000000 0.000000000000 1.000000000000
124 124 0
0.881226198731 0.171251253717 0.440583016888 1.849092544206
-0.139164070190 0.984748903487 -0.104417233489 0.233516067466
-0.451745224920 0.030701875863 0.891618554417 0.670964477378
0.000000000000 0.000000000000 0.000000000000 1.000000000000
125 125 0
0.962077184297 0.103658581401 0.252314070074 1.926552399636
-0.083402988272 0.992468711596 -0.089720666801 0.221283496617
-0.259714137087 0.065274459062 0.963476939003 0.698395850564
0.000000000000 0.000000000000 0.000000000000 1.000000000000
126 126 0
0.992338513771 0.070705743314 0.101316197861 1.971694222255
-0.055792274605 0.988129726715 -0.143132334836 0.212182340505
-0.110233825031 0.136383067291 0.984504018669 0.707503570703
0.000000000000 0.000000000000 0.000000000000 1.000000000000
127 127 0
0.998757573685 0.041557764717 0.027500203603 1.966087331155
-0.034185664174 0.972903354361 -0.228670950141 0.201089403819
-0.036258093875 0.227446730610 0.973115273420 0.715071538214
0.000000000000 0.000000000000 0.000000000000 1.000000000000
128 128 0
0.999493319813 0.013785063849 -0.028689295284 1.958123863504
-0.022582516833 0.942315175036 -0.333964280770 0.194129387147
0.022430639373 0.334442944179 0.942149024044 0.710557198935
0.000000000000 0.000000000000 0.000000000000 1.000000000000
129 129 0
0.996034166327 -0.025352043519 -0.085283136657 1.954035029716
-0.013671777277 0.903546801836 -0.428271245123 0.190127065331
0.087914856621 0.427738764647 0.899616878012 0.702985085299
0.000000000000 0.000000000000 0.000000000000 1.000000000000
130 130 0
0.980497560206 -0.091708079891 -0.173822215247 1.950966733570
-0.004843130126 0.872907136971 -0.487862351813 0.190439558605
0.196471571789 0.479189689276 0.855439163921 0.691158399592
0.000000000000 0.000000000000 0.000000000000 1.000000000000
131 131 0
0.932545977518 -0.217805314425 -0.287956324506 1.971054730340
0.044974732601 0.861413928661 -0.505908407656 0.197804699817
0.358239128576 0.458832091856 0.813103829926 0.697409880853
0.000000000000 0.000000000000 0.000000000000 1.000000000000
132 132 0
0.874088399178 -0.305556738349 -0.377630176327 1.977371025333
0.080681542949 0.857912018458 -0.507422365700 0.221063130992
0.479019789832 0.413064218051 0.774543731958 0.727942464407
0.000000000000 0.000000000000 0.000000000000 1.000000000000
133 133 0
0.817368647338 -0.368565901797 -0.442795291733 1.954229186533
0.111266730564 0.855108264798 -0.506369005907 0.249420419946
0.565268262879 0.364621764992 0.739947808616 0.817347383186
0.000000000000 0.000000000000 0.000000000000 1.000000000000
134 134 0
0.771448527634 -0.400899295275 -0.494112258763 1.970694131984
0.148206020539 0.868404080923 -0.473190582864 0.251537495187
0.618790873145 0.291811766870 0.729344738809 0.935542426629
0.000000000000 0.000000000000 0.000000000000 1.000000000000
135 135 0
0.755799966379 -0.366679359731 -0.542505905930 1.961370310570
0.141451494550 0.900369075474 -0.411493624033 0.271063169571
0.639341759555 0.234268596013 0.732366260427 1.077586559397
0.000000000000 0.000000000000 0.000000000000 1.000000000000
136 136 0
0.730228349952 -0.363318620438 -0.578589782981 1.990492841304
0.157056899336 0.913466804405 -0.375381842422 0.287542219960
0.664905773247 0.183242946092 0.724101053314 1.204493872658
0.000000000000 0.000000000000 0.000000000000 1.000000000000
137 137 0
0.698377114050 -0.358917106141 -0.619231715508 2.013857955935
0.172154543775 0.924012231335 -0.341415010509 0.318333870001
0.694717366725 0.131832876258 0.707098206127 1.354835428715
0.000000000000 0.000000000000 0.000000000000 1.000000000000
138 138 0
0.666753644281 -0.333684309450 -0.666404051207 1.986552164043
0.187964701558 0.940553174225 -0.282893968517 0.321315790452
0.721185724211 0.063360145852 0.689838128195 1.470805525457
0.000000000000 0.000000000000 0.000000000000 1.000000000000
139 139 0
0.658375193196 -0.322344165990 -0.680173759885 1.893218048222
0.197695633095 0.945986096878 -0.256956691234 0.350814692478
0.726263410643 0.034706529159 0.686539813263 1.544088545248
0.000000000000 0.000000000000 0.000000000000 1.000000000000
140 140 0
0.663314622905 -0.321503551737 -0.675758223969 1.755252391926
0.199959452757 0.946321763293 -0.253951447272 0.365176168242
0.721131006332 0.033325463822 0.691996737830 1.593464850150
0.000000000000 0.000000000000 0.000000000000 1.000000000000
141 141 0
0.665431839986 -0.347568907738 -0.660602997803 1.625755581563
0.196068915717 0.935292825443 -0.294591770023 0.373143646083
0.720248184046 0.066507030073 0.690521084637 1.654638188981
0.000000000000 0.000000000000 0.000000000000 1.000000000000
142 142 0
0.693760485886 -0.364850041464 -0.620951556457 1.474756920470
0.193135486762 0.924854628064 -0.327631806610 0.370437851201
0.693826399019 0.107370220233 0.712093086493 1.669273452878
0.000000000000 0.000000000000 0.000000000000 1.000000000000
143 143 0
0.738048021747 -0.369945280716 -0.564292129018 1.327852316417
0.186717161318 0.915618461991 -0.356061137630 0.387593290019
0.648399428798 0.157427193764 0.744845527206 1.734435652679
0.000000000000 0.000000000000 0.000000000000 1.000000000000
144 144 0
0.807002743716 -0.348025875930 -0.477100158580 1.196327977900
0.171389014514 0.911148038956 -0.374746656838 0.409028911455
0.565130407374 0.220651854263 0.794946779270 1.800428260737
0.000000000000 0.000000000000 0.000000000000 1.000000000000
145 145 0
0.872510057174 -0.308495763981 -0.378888590136 1.049428331871
0.144707835209 0.903831789946 -0.402675723023 0.423251438709
0.466675307423 0.296510470454 0.833244080899 1.850630445580
0.000000000000 0.000000000000 0.000000000000 1.000000000000
146 146 0
0.942846263734 -0.221760461209 -0.248723181082 0.943581397123
0.110092999672 0.911793419145 -0.395616344743 0.444981646238
0.314516222771 0.345622711420 0.884095292921 1.925071824559
0.000000000000 0.000000000000 0.000000000000 1.000000000000
147 147 0
0.987344590557 -0.111271732273 -0.113001155281 0.832253856586
0.058704871234 0.918358478302 -0.391371234794 0.463860402210
0.147324124267 0.379784553304 0.913268468459 1.994379233162
0.000000000000 0.000000000000 0.000000000000 1.000000000000
148 148 0
0.998230884447 0.021513998810 0.055427873768 0.725220751422
0.001809077055 0.920817165709 -0.389990351900 0.484754887000
-0.059429189591 0.389400687198 0.919149213259 2.055330142340
0.000000000000 0.000000000000 0.000000000000 1.000000000000
149 149 0
0.962936019828 0.160456567104 0.216813080304 0.625507579820
-0.061510344366 0.913266182605 -0.402692633711 0.506727208065
-0.262622731791 0.374430994688 0.889286641620 2.123769451066
0.000000000000 0.000000000000 0.000000000000 1.000000000000
150 150 0
0.894612607317 0.284501412916 0.344568177401 0.523964948412
-0.124158298160 0.899018357663 -0.419941316832 0.532896698230
-0.429247014931 0.332903797865 0.839596368227 2.196088266035
0.000000000000 0.000000000000 0.000000000000 1.000000000000
151 151 0
0.795071422477 0.387716664893 0.466408855967 0.406972488127
-0.169068118465 0.880192734565 -0.443482492707 0.560606350121
-0.582475239370 0.273745388606 0.765366616556 2.295719531352
0.000000000000 0.000000000000 0.000000000000 1.000000000000
152 152 0
0.654328343381 0.478727159638 0.585384254719 0.370609135316
-0.209317521970 0.858514461969 -0.468122947084 0.595658841677
-0.726664017304 0.183774930866 0.661956328424 2.382852176771
0.000000000000 0.000000000000 0.000000000000 1.000000000000
153 153 0
0.545416801342 0.521757004671 0.655965045479 0.296030924518
-0.224587919096 0.844977252209 -0.485359361551 0.631964581401
-0.807515188346 0.117401325915 0.578045110059 2.492855944265
0.000000000000 0.000000000000 0.000000000000 1.000000000000
154 154 0
0.439812192758 0.543319016832 0.715101168402 0.236536617051
-0.231721117463 0.837937785627 -0.494131147714 0.675150735831
-0.867681138912 0.051620861745 0.494433744611 2.609275907777
0.000000000000 0.000000000000 0.000000000000 1.000000000000
155 155 0
0.329057223886 0.566880889787 0.755226721060 0.170385687518
-0.245473391024 0.823621171519 -0.511264100173 0.714928047292
-0.911846564784 -0.017152918735 0.410172670556 2.766501179404
0.000000000000 0.000000000000 0.000000000000 1.000000000000
156 156 0
0.233348142321 0.553938038780 0.799187896347 0.147928348867
-0.254446190440 0.828024748997 -0.499632015807 0.754490917488
-0.938512536222 -0.086762112939 0.334165460682 2.894646303023
0.000000000000 0.000000000000 0.000000000000 1.000000000000
157 157 0
0.099205266742 0.559400715425 0.822939338368 0.115009364491
-0.253067452515 0.814010004609 -0.522823657530 0.800139700163
-0.962348782681 -0.156392301531 0.222320193625 3.065230095810
0.000000000000 0.000000000000 0.000000000000 1.000000000000
