0 0 0
0.999035935607 0.019387186470 0.039387007583 -1.710542793378
-0.020332275102 0.999511439633 0.023737746989 -0.475570657477
-0.038907556525 -0.024515689746 0.998942031852 -3.075772985164
0.000000000000 0.000000000000 0.000000000000 1.000000000000
1 1 0
0.998780266497 0.019588117258 0.045324220008 -1.706669396210
-0.020739681603 0.999470338526 0.025078038454 -0.475393470448
-0.044808981957 -0.025987459823 0.998657502384 -3.075281816123
0.000000000000 0.000000000000 0.000000000000 1.000000000000
2 2 0
0.998879413532 0.018803997230 0.043431865151 -1.691292095453
-0.019927532035 0.999474077439 0.025582454816 -0.475678584499
-0.042927970944 -0.026419277347 0.998728797570 -3.075329424044
0.000000000000 0.000000000000 0.000000000000 1.000000000000
3 3 0
0.999189355126 0.017484428601 0.036261927121 -1.675405369736
-0.018398199105 0.999517625047 0.025020461430 -0.474277051152
-0.035806966804 -0.025667332876 0.999029053207 -3.065194002407
0.000000000000 0.000000000000 0.000000000000 1.000000000000
4 4 0
0.999566959138 0.016610283314 0.024289765087 -1.661439734903
-0.017144349528 0.999612127536 0.021946885035 -0.472971194690
-0.023915799778 -0.022353813360 0.999464027141 -3.055561501856
0.000000000000 0.000000000000 0.000000000000 1.000000000000
5 5 0
0.999634993769 0.011190088280 -0.024589858815 -1.644801147540
-0.010729781630 0.999766209895 0.018772249137 -0.475643385404
0.024794173074 -0.018501553334 0.999521356203 -3.055866361493
0.000000000000 0.000000000000 0.000000000000 1.000000000000
6 6 0
0.998207378703 0.006265673555 -0.059521176385 -1.627828360570
-0.005273193144 0.999844681044 0.016816873115 -0.476326385351
0.059617300655 -0.016472860171 0.998085378282 -3.059184340513
0.000000000000 0.000000000000 0.000000000000 1.000000000000
7 7 0
0.996137662075 0.002278555484 -0.087775659381 -1.623458249978
-0.000782840338 0.999853975784 0.017070860263 -0.475280269094
0.087801738912 -0.016936212505 0.995993985599 -3.049103915030
0.000000000000 0.000000000000 0.000000000000 1.000000000000
8 8 0
0.995611486618 -0.000762888299 -0.093579836053 -1.618559647871
0.002019638737 0.999909035375 0.013335742777 -0.475864700456
0.093561149916 -0.013466216154 0.995522461951 -3.044535193177
0.000000000000 0.000000000000 0.000000000000 1.000000000000
9 9 0
0.995003129437 -0.003014810732 -0.099798213042 -1.610937553573
0.003884542724 0.999956144242 0.008521732254 -0.476223289794
0.099768144905 -0.008866820683 0.994971203982 -3.047607431569
0.000000000000 0.000000000000 0.000000000000 1.000000000000
10 10 0
0.992775670058 -0.005583635932 -0.119855295879 -1.609630660090
0.006310542910 0.999963921542 0.005686181635 -0.476027061051
0.119819222117 -0.006401454770 0.992775088018 -3.046388124442
0.000000000000 0.000000000000 0.000000000000 1.000000000000
11 11 0
0.991522393117 -0.008012688975 -0.129688630043 -1.607645187136
0.008591108181 0.999955485682 0.003901219768 -0.476754233639
0.129651597781 -0.004982315811 0.991547094051 -3.047650965064
0.000000000000 0.000000000000 0.000000000000 1.000000000000
12 12 0
0.993460333706 -0.008037485604 -0.113894530936 -1.590721285802
0.008416789086 0.999960517341 0.002849810507 -0.478814390375
0.113867128766 -0.003789799942 0.993488759072 -3.052756512732
0.000000000000 0.000000000000 0.000000000000 1.000000000000
13 13 0
0.999984516018 -0.000151916378 -0.005562791191 -1.554694101771
0.000186494106 0.999980663690 0.006215904335 -0.481574205682
0.005561739329 -0.006216845516 0.999965208339 -3.052723477264
0.000000000000 0.000000000000 0.000000000000 1.000000000000
14 14 0
0.999388152140 0.006570820256 0.034353248502 -1.505349039085
-0.007011802946 0.999894359403 0.012732032558 -0.499533192568
-0.034265959507 -0.012965120700 0.999328649476 -3.072091431749
0.000000000000 0.000000000000 0.000000000000 1.000000000000
15 15 0
0.999268432083 0.011015780270 0.036623124230 -1.459094509359
-0.011661843974 0.999779300769 0.017474299661 -0.504640784632
-0.036422548489 -0.017888609185 0.999176358619 -3.083195724005
0.000000000000 0.000000000000 0.000000000000 1.000000000000
16 16 0
0.999442201497 0.012453600222 0.030986992571 -1.413886777093
-0.013078869711 0.999713263667 0.020058255528 -0.512343771397
-0.030728309979 -0.020452341902 0.999318504120 -3.093424477782
0.000000000000 0.000000000000 0.000000000000 1.000000000000
17 17 0
0.999553116452 0.009089805219 -0.028477058001 -1.371363378815
-0.008322526426 0.999602207978 0.026947381306 -0.513386271739
0.028710676501 -0.026698337897 0.999231152341 -3.090089057068
0.000000000000 0.000000000000 0.000000000000 1.000000000000
18 18 0
0.993359669155 0.000199195876 -0.115050110897 -1.319318555052
0.002818295719 0.999656293833 0.026064370481 -0.520313434428
0.115015759379 -0.026215539672 0.993017683918 -3.109134546549
0.000000000000 0.000000000000 0.000000000000 1.000000000000
19 19 0
0.988793322523 -0.006887721467 -0.149131903449 -1.264639735981
0.011249555094 0.999532641734 0.028424384235 -0.525008071203
0.148866426179 -0.029783508893 0.988408685592 -3.129855158410
0.000000000000 0.000000000000 0.000000000000 1.000000000000
20 20 0
0.987302624983 -0.011311555984 -0.158447390018 -1.200850698502
0.016321795333 0.999405901379 0.030355284316 -0.534464833527
0.158009891144 -0.032555997758 0.986900694756 -3.154162095721
0.000000000000 0.000000000000 0.000000000000 1.000000000000
21 21 0
0.987482631591 -0.015152221108 -0.156998288212 -1.142296719882
0.018076089521 0.999688444863 0.017212443039 -0.545308199500
0.156688567846 -0.019834903660 0.987448869210 -3.161846391597
0.000000000000 0.000000000000 0.000000000000 1.000000000000
22 22 0
0.987626433863 -0.019109487383 -0.155656206514 -1.084935324655
0.018723836429 0.999816916550 -0.003943517353 -0.545276002412
0.155703067033 0.000980240630 0.987803418725 -3.190117063256
0.000000000000 0.000000000000 0.000000000000 1.000000000000
23 23 0
0.988086044545 -0.024021303380 -0.152016267419 -1.023012546753
0.018897285876 0.999206435947 -0.035062671737 -0.546276558052
0.152737883849 0.031772241764 0.987755872415 -3.213084197544
0.000000000000 0.000000000000 0.000000000000 1.000000000000
24 24 0
0.988458266955 -0.024096379785 -0.149564765135 -0.966857261909
0.018387489052 0.999052887754 -0.039436375551 -0.556662610655
0.150373384397 0.036231090951 0.987965157945 -3.214799110167
0.000000000000 0.000000000000 0.000000000000 1.000000000000
25 25 0
0.988793576549 -0.024566631402 -0.147254010461 -0.913373588470
0.018355089984 0.998889405403 -0.043394083064 -0.563583299326
0.148156517396 0.040204929982 0.988146350476 -3.220311650430
0.000000000000 0.000000000000 0.000000000000 1.000000000000
26 26 0
0.984648935368 -0.028604162444 -0.172186747369 -0.867660558866
0.019060281740 0.998202019691 -0.056828105236 -0.571479756582
0.173502679342 0.052673805403 0.983423759366 -3.225135045060
0.000000000000 0.000000000000 0.000000000000 1.000000000000
27 27 0
0.967907969716 -0.050643215784 -0.246149196331 -0.817806736426
0.026912119433 0.994739770909 -0.098835853816 -0.576695356419
0.249859760640 0.089039614032 0.964179468328 -3.240689702527
0.000000000000 0.000000000000 0.000000000000 1.000000000000
28 28 0
0.959053807254 -0.069081989522 -0.274669753552 -0.770492508046
0.036123927793 0.991712682467 -0.123292405585 -0.579059584552
0.280910762758 0.108321900638 0.953601336623 -3.232932658034
0.000000000000 0.000000000000 0.000000000000 1.000000000000
29 29 0
0.918298812943 -0.097412850383 -0.383716075671 -0.715664994911
0.046513942271 0.989089306783 -0.139781244742 -0.574633776962
0.393145956768 0.110512803726 0.912810592012 -3.238202265212
0.000000000000 0.000000000000 0.000000000000 1.000000000000
30 30 0
0.908522734056 -0.116216705877 -0.401347877755 -0.657512878945
0.063050930185 0.987673234797 -0.143269541316 -0.574897590272
0.413050870845 0.104858278363 0.904651159040 -3.226389021798
0.000000000000 0.000000000000 0.000000000000 1.000000000000
31 31 0
0.906260356239 -0.121552348617 -0.404866883376 -0.594444309764
0.070809188937 0.987885174976 -0.138090332121 -0.575457316429
0.416747196117 0.096477497942 0.903888193816 -3.229124285520
0.000000000000 0.000000000000 0.000000000000 1.000000000000
32 32 0
0.905615208424 -0.120029659575 -0.406760341101 -0.550126591929
0.073055315026 0.988927897716 -0.129168626472 -0.574724662518
0.417760715263 0.087261067725 0.904356948800 -3.222231911120
0.000000000000 0.000000000000 0.000000000000 1.000000000000
33 33 0
0.905866197156 -0.111044862378 -0.408748665306 -0.499520095633
0.072770829287 0.991475213824 -0.108080094273 -0.573160033514
0.417265909529 0.068161124643 0.906224708244 -3.222175978965
0.000000000000 0.000000000000 0.000000000000 1.000000000000
34 34 0
0.907711274087 -0.104542242843 -0.406363337860 -0.451116767496
0.072080766191 0.992918476532 -0.094431255984 -0.574048484739
0.413357721641 0.056425334938 0.908818780361 -3.207973730767
0.000000000000 0.000000000000 0.000000000000 1.000000000000
35 35 0
0.910668884815 -0.100296616322 -0.400777707693 -0.393002106458
0.070258096516 0.993550889997 -0.088996791295 -0.575724925733
0.407119125200 0.052888729812 0.911842530350 -3.213654886351
0.000000000000 0.000000000000 0.000000000000 1.000000000000
36 36 0
0.924430485722 -0.091423376141 -0.370229717018 -0.337534535446
0.066860174923 0.994655830843 -0.078673344781 -0.576746700817
0.375443729575 0.047974414688 0.925602755753 -3.199705318969
0.000000000000 0.000000000000 0.000000000000 1.000000000000
37 37 0
0.933918067192 -0.082889663001 -0.347744658534 -0.277296688374
0.062261249825 0.995594915779 -0.070102071619 -0.577576892185
0.352023551118 0.043818574172 0.934964893467 -3.184364413181
0.000000000000 0.000000000000 0.000000000000 1.000000000000
38 38 0
0.936047812629 -0.076931743229 -0.343359868588 -0.231720127338
0.059207898959 0.996329363089 -0.061824145345 -0.577333328786
0.346855758456 0.037540739612 0.937166887857 -3.162970860095
0.000000000000 0.000000000000 0.000000000000 1.000000000000
39 39 0
0.934375971245 -0.074350292709 -0.348444512561 -0.182031755403
0.058473138865 0.996723834910 -0.055879235444 -0.577916429945
0.351457588325 0.031837570520 0.935662296297 -3.137778991941
0.000000000000 0.000000000000 0.000000000000 1.000000000000
40 40 0
0.931163043825 -0.072863708706 -0.357248185114 -0.142143403479
0.058983741252 0.997025402588 -0.049611136473 -0.581257876244
0.359800366984 0.025124222333 0.932690982786 -3.105089785745
0.000000000000 0.000000000000 0.000000000000 1.000000000000
41 41 0
0.907144056729 -0.078471971860 -0.413439003933 -0.109681331171
0.063873166010 0.996752385298 -0.049039790652 -0.587173477164
0.415944562417 0.018078496500 0.909210255639 -3.071182888201
0.000000000000 0.000000000000 0.000000000000 1.000000000000
42 42 0
0.864291646161 -0.090995928532 -0.494691511315 -0.085206757816
0.075816271716 0.995831155843 -0.050716880776 -0.583437738042
0.497244249157 0.006328510337 0.867587521024 -3.031591675886
0.000000000000 0.000000000000 0.000000000000 1.000000000000
43 43 0
0.831588555260 -0.099496673424 -0.546407253555 -0.064351165902
0.087836635583 0.995001653048 -0.047501956603 -0.586029156308
0.548402407188 -0.008492491347 0.836171440185 -2.990311200621
0.000000000000 0.000000000000 0.000000000000 1.000000000000
44 44 0
0.812932618120 -0.102491953357 -0.573267788991 -0.055566884181
0.097097323078 0.994466516601 -0.040105575812 -0.578497419688
0.574206120002 -0.023059636972 0.818385963281 -2.938950293129
0.000000000000 0.000000000000 0.000000000000 1.000000000000
45 45 0
0.795410739722 -0.105445836395 -0.596827387710 -0.046207896296
0.103574534609 0.993912076209 -0.037564618265 -0.568971456430
0.597154980650 -0.031936818122 0.801489843188 -2.883914526127
0.000000000000 0.000000000000 0.000000000000 1.000000000000
46 46 0
0.798792565076 -0.107751171376 -0.591878469828 -0.021809848999
0.106947489856 0.993592715810 -0.036547906963 -0.563869276417
0.592024216052 -0.034105720297 0.805198191410 -2.830204828423
0.000000000000 0.000000000000 0.000000000000 1.000000000000
47 47 0
0.853663334157 -0.106276263939 -0.509866911693 0.023875969610
0.103290486260 0.994060910715 -0.034263409590 -0.564383621254
0.510480153742 -0.023414984767 0.859570678376 -2.780183458992
0.000000000000 0.000000000000 0.000000000000 1.000000000000
48 48 0
0.915077176817 -0.093075124785 -0.392391107972 0.076140922426
0.088512462292 0.995630764786 -0.029747676052 -0.566075317637
0.393445427586 -0.007510083730 0.919317297865 -2.761915952639
0.000000000000 0.000000000000 0.000000000000 1.000000000000
49 49 0
0.954464757299 -0.071071063198 -0.289734242109 0.128423979970
0.066856931505 0.997463446258 -0.024429983396 -0.561137786968
0.290735580526 0.003946815793 0.956795299351 -2.741973487038
0.000000000000 0.000000000000 0.000000000000 1.000000000000
50 50 0
0.970627312645 -0.054251157583 -0.234391620689 0.186098507222
0.049626921012 0.998440030791 -0.025586590738 -0.562882412814
0.235414079144 0.013202909362 0.971805481835 -2.732386669342
0.000000000000 0.000000000000 0.000000000000 1.000000000000
51 51 0
0.972055579435 -0.049720943344 -0.229424885926 0.240979220328
0.040754108305 0.998214815667 -0.043661017379 -0.559290354538
0.231186187186 0.033090928898 0.972346613754 -2.720060004100
0.000000000000 0.000000000000 0.000000000000 1.000000000000
52 52 0
0.969484779864 -0.069036002577 -0.235230295584 0.300044586328
0.040105120343 0.991266320941 -0.125629058308 -0.555037723153
0.241848797671 0.112361520625 0.963786308135 -2.719443958776
0.000000000000 0.000000000000 0.000000000000 1.000000000000
53 53 0
0.966832071656 -0.078126310891 -0.243170772840 0.356275376330
0.042089296904 0.987787635313 -0.150013594745 -0.548911745646
0.251921091422 0.134803067728 0.958313047301 -2.699551410179
0.000000000000 0.000000000000 0.000000000000 1.000000000000
54 54 0
0.964690776320 -0.084121603551 -0.249590187908 0.418311465878
0.044840304924 0.986245139592 -0.159090765554 -0.548549061472
0.259540080023 0.142281693996 0.955193627709 -2.678103472518
0.000000000000 0.000000000000 0.000000000000 1.000000000000
55 55 0
0.957382248081 -0.088151941085 -0.275042662767 0.468039198759
0.046553608557 0.986931647968 -0.154268220221 -0.548921792626
0.285047351486 0.134889427024 0.948974630793 -2.646905947985
0.000000000000 0.000000000000 0.000000000000 1.000000000000
56 56 0
0.927439333493 -0.094026547921 -0.361960344481 0.513781203563
0.052030054954 0.990905558124 -0.124092901729 -0.546092268681
0.370336544337 0.096255821456 0.923896996837 -2.627188715022
0.000000000000 0.000000000000 0.000000000000 1.000000000000
57 57 0
0.871598444805 -0.108826269168 -0.477988487469 0.552753502097
0.066724938381 0.992309913273 -0.104253626404 -0.545201245439
0.485658247755 0.058973546266 0.872157203278 -2.608243543116
0.000000000000 0.000000000000 0.000000000000 1.000000000000
58 58 0
0.787171839304 -0.107591613917 -0.607276329213 0.587792358873
0.089315300802 0.994172452346 -0.060364824523 -0.541777208285
0.610232146359 -0.006721578065 0.792194135259 -2.595528113644
0.000000000000 0.000000000000 0.000000000000 1.000000000000
59 59 0
0.696557514251 -0.114539933578 -0.708299536183 0.613893962817
0.113872949680 0.992311635726 -0.048482666331 -0.539857090035
0.708407072715 -0.046885191898 0.704245126436 -2.574393488070
0.000000000000 0.000000000000 0.000000000000 1.000000000000
60 60 0
0.661780753720 -0.113960114645 -0.740985375211 0.621540735422
0.132266572289 0.990623146732 -0.034224771931 -0.529299446764
0.737937523007 -0.075358300331 0.670648446438 -2.534472289567
0.000000000000 0.000000000000 0.000000000000 1.000000000000
61 61 0
0.695960932153 -0.101874515437 -0.710816406691 0.621788245904
0.139044499787 0.990269223522 -0.005787229412 -0.516350038024
0.704489182313 -0.094807426132 0.703353782925 -2.471984905693
0.000000000000 0.000000000000 0.000000000000 1.000000000000
62 62 0
0.752625571386 -0.079597982765 -0.653619851623 0.636428319540
0.132944425084 0.990592221549 0.032447348808 -0.509959339265
0.644887997357 -0.111315819834 0.756127144810 -2.405867222582
0.000000000000 0.000000000000 0.000000000000 1.000000000000
63 63 0
0.760801813564 -0.072697337410 -0.644899757800 0.646531989808
0.126160018761 0.991316439731 0.037085927052 -0.501967286224
0.636603683734 -0.109575606102 0.763366842615 -2.345057647450
0.000000000000 0.000000000000 0.000000000000 1.000000000000
64 64 0
0.766060002299 -0.070529652708 -0.638887815634 0.658854024645
0.121212360746 0.991979690580 0.035830951415 -0.492476980000
0.631236593109 -0.104889759108 0.768465029754 -2.280079474215
0.000000000000 0.000000000000 0.000000000000 1.000000000000
65 65 0
0.763800120485 -0.071807004071 -0.641446124092 0.663017335248
0.118766982857 0.992459114735 0.030320114805 -0.479989880282
0.634431855860 -0.099341128165 0.766568692633 -2.212759712366
0.000000000000 0.000000000000 0.000000000000 1.000000000000
66 66 0
0.745210258855 -0.106079057900 -0.658337985819 0.664290570575
0.121358063222 0.992353132154 -0.022527352172 -0.461359015917
0.655693442538 -0.063107008961 0.752385283503 -2.144670162589
0.000000000000 0.000000000000 0.000000000000 1.000000000000
67 67 0
0.707454028453 -0.132794028130 -0.694171840195 0.672297560231
0.126579220989 0.990115530026 -0.060406440180 -0.449740591868
0.695331934000 -0.045132951315 0.717270184983 -2.075819373344
0.000000000000 0.000000000000 0.000000000000 1.000000000000
68 68 0
0.700512040318 -0.175436248519 -0.691740561247 0.667187546721
0.132093993389 0.984438103196 -0.115899947745 -0.448976024931
0.701308818053 -0.010185464257 0.712784818889 -2.006149071988
0.000000000000 0.000000000000 0.000000000000 1.000000000000
69 69 0
0.731393359171 -0.191035701953 -0.654651903488 0.667892845342
0.134806373250 0.981520551275 -0.135811078913 -0.441245407671
0.668499061998 0.011080072368 0.743630443234 -1.944286339152
0.000000000000 0.000000000000 0.000000000000 1.000000000000
70 70 0
0.773494869022 -0.196339583284 -0.602624639085 0.660975920042
0.129519113221 0.979709210617 -0.152953136425 -0.430828388394
0.620427664524 0.040257057366 0.783229776263 -1.882109914292
0.000000000000 0.000000000000 0.000000000000 1.000000000000
71 71 0
0.780207339610 -0.195375789743 -0.594226226282 0.648871543279
0.122483219949 0.979297488823 -0.161165409491 -0.418113839384
0.613412070349 0.052959693803 0.787985344269 -1.815792263681
0.000000000000 0.000000000000 0.000000000000 1.000000000000
72 72 0
0.784231574315 -0.219868971920 -0.580205543781 0.657235249316
0.120242819687 0.971236945113 -0.205524842201 -0.405464068521
0.608705595638 0.091413519978 0.788112343644 -1.757202950974
0.000000000000 0.000000000000 0.000000000000 1.000000000000
73 73 0
0.799230683585 -0.238789080546 -0.551552435792 0.663672201693
0.118692633733 0.962322936725 -0.244635696803 -0.390949117187
0.589187892878 0.130055143939 0.797460523425 -1.696908527997
0.000000000000 0.000000000000 0.000000000000 1.000000000000
74 74 0
0.824216546361 -0.234289583297 -0.515534165564 0.685419783450
0.116633698551 0.961112729076 -0.250317602998 -0.377621834070
0.554133255695 0.146187253778 0.819491074854 -1.629514843411
0.000000000000 0.000000000000 0.000000000000 1.000000000000
75 75 0
0.837267510030 -0.229714788962 -0.496199790791 0.719312544995
0.112465102238 0.960417051782 -0.254854247415 -0.367841405318
0.535102529827 0.157576020951 0.829960890762 -1.567382291418
0.000000000000 0.000000000000 0.000000000000 1.000000000000
76 76 0
0.853313502768 -0.219328516682 -0.473023326870 0.755379176596
0.107146868421 0.961622303320 -0.252590764568 -0.357176535599
0.510270138829 0.164856141916 0.844065659704 -1.510346969859
0.000000000000 0.000000000000 0.000000000000 1.000000000000
77 77 0
0.858223737146 -0.213102466670 -0.466946844618 0.807033323018
0.102330142871 0.962513714974 -0.251188953474 -0.350227784823
0.502971727694 0.167793585058 0.847858923379 -1.478548221655
0.000000000000 0.000000000000 0.000000000000 1.000000000000
78 78 0
0.858920700223 -0.198466092098 -0.472087323507 0.854689679856
0.098089000724 0.968539993651 -0.228711234168 -0.342133072814
0.502626878176 0.150138239583 0.851366390193 -1.444918887791
0.000000000000 0.000000000000 0.000000000000 1.000000000000
79 79 0
0.838131636336 -0.195360387070 -0.509283496038 0.924108601186
0.095925069136 0.971901522718 -0.214955370365 -0.340315847192
0.536967169652 0.131307841736 0.833321372229 -1.423763605449
0.000000000000 0.000000000000 0.000000000000 1.000000000000
80 80 0
0.821660504317 -0.200895695809 -0.533399414183 0.994069342342
0.102404576121 0.972629715695 -0.208577896566 -0.337437019793
0.560702522230 0.116757678769 0.819744061286 -1.393487208552
0.000000000000 0.000000000000 0.000000000000 1.000000000000
81 81 0
0.801087833958 -0.202921769759 -0.563099491780 1.067284426035
0.109579858170 0.974598698784 -0.195319305274 -0.336566477915
0.588430571069 0.094763556747 0.802975299336 -1.364837039430
0.000000000000 0.000000000000 0.000000000000 1.000000000000
82 82 0
0.729485701177 -0.210117496201 -0.650923382257 1.146750312399
0.113624187507 0.975651189248 -0.187601441712 -0.336099692900
0.674492517224 0.062891928811 0.735598021679 -1.346247325747
0.000000000000 0.000000000000 0.000000000000 1.000000000000
83 83 0
0.710338761490 -0.217827483993 -0.669305633580 1.222622834637
0.130233969586 0.975163483412 -0.179151594425 -0.332303751984
0.691706554176 0.040091992176 0.721064958983 -1.329143808676
0.000000000000 0.000000000000 0.000000000000 1.000000000000
84 84 0
0.704009267486 -0.220180007434 -0.675197538221 1.303759343956
0.139590468984 0.975081707229 -0.172424375296 -0.329768221831
0.696337168520 0.027137217131 0.717201588944 -1.304149779963
0.000000000000 0.000000000000 0.000000000000 1.000000000000
85 85 0
0.701157894904 -0.217346421822 -0.679071527408 1.375882237212
0.142069447262 0.975896158683 -0.165659167034 -0.327991557319
0.698708722265 0.019677916279 0.715135582279 -1.270083911016
0.000000000000 0.000000000000 0.000000000000 1.000000000000
86 86 0
0.698486689563 -0.212735485949 -0.683271510837 1.433459161054
0.142485889319 0.977018246827 -0.158534276143 -0.322479133694
0.701294599900 0.013377532857 0.712746045774 -1.228689921176
0.000000000000 0.000000000000 0.000000000000 1.000000000000
87 87 0
0.700775372709 -0.210250957858 -0.681695248425 1.501063828927
0.140848864310 0.977550026987 -0.156708462312 -0.320005673073
0.699339312800 0.013801429537 0.714656593138 -1.210118539807
0.000000000000 0.000000000000 0.000000000000 1.000000000000
88 88 0
0.706211156132 -0.207778740891 -0.676826268542 1.577084785471
0.138852307275 0.978049117700 -0.155370396572 -0.321126986607
0.694252000155 0.015745418381 0.719559755740 -1.207956525919
0.000000000000 0.000000000000 0.000000000000 1.000000000000
89 89 0
0.724187229067 -0.201618583467 -0.659471609743 1.649880154450
0.137065221771 0.979309001257 -0.148885879246 -0.320653168484
0.675844643566 0.017430629897 0.736837967876 -1.214452393187
0.000000000000 0.000000000000 0.000000000000 1.000000000000
90 90 0
0.731699162154 -0.193200358492 -0.653674198344 1.725814395855
0.133191317367 0.981028755716 -0.140863953641 -0.318634370614
0.668488151788 0.016006309251 0.743550528870 -1.216521336613
0.000000000000 0.000000000000 0.000000000000 1.000000000000
91 91 0
0.712469672567 -0.191288722289 -0.675126351432 1.778875487294
0.130892564509 0.981468254538 -0.139954285003 -0.316432508805
0.689386758089 0.011344164104 0.724304637368 -1.201149965145
0.000000000000 0.000000000000 0.000000000000 1.000000000000
92 92 0
0.615945304240 -0.195226260702 -0.763215624392 1.802972161558
0.128871319809 0.980726422168 -0.146860027890 -0.308240635324
0.777176662745 -0.007898860255 0.629232900357 -1.172764052675
0.000000000000 0.000000000000 0.000000000000 1.000000000000
93 93 0
0.463010820072 -0.211323500786 -0.860792285346 1.832190980318
0.140079476357 0.976403581848 -0.164358710320 -0.306538806768
0.875213528689 -0.044479471332 0.481687508485 -1.144163691124
0.000000000000 0.000000000000 0.000000000000 1.000000000000
94 94 0
0.387197357795 -0.226532281930 -0.893734485941 1.830692416937
0.163529151816 0.970851116967 -0.175232203634 -0.309535823711
0.907378874904 -0.078302196187 0.412955619225 -1.108980912110
0.000000000000 0.000000000000 0.000000000000 1.000000000000
95 95 0
0.374226151506 -0.236426412719 -0.896692443872 1.841520995006
0.182935426363 0.966773838229 -0.178558045175 -0.320701143563
0.909114633757 -0.097215724470 0.405042819471 -1.078245470674
0.000000000000 0.000000000000 0.000000000000 1.000000000000
96 96 0
0.370254705724 -0.262819271170 -0.890975579683 1.836702713176
0.190809013766 0.960206765771 -0.203948246456 -0.321768950558
0.909122309239 -0.094493373674 0.405669359425 -1.051087382529
0.000000000000 0.000000000000 0.000000000000 1.000000000000
97 97 0
0.377304422483 -0.295099930250 -0.877813991653 1.840877525236
0.191993087565 0.952203774390 -0.237584987669 -0.312843842852
0.905969109353 -0.078892352002 0.415927841931 -1.036310944691
0.000000000000 0.000000000000 0.000000000000 1.000000000000
98 98 0
0.407171902704 -0.299412867314 -0.862880627049 1.843184825773
0.191453845198 0.951731513794 -0.239901127154 -0.308434691781
0.893060169758 -0.067520815591 0.444842076084 -1.035532111861
0.000000000000 0.000000000000 0.000000000000 1.000000000000
99 99 0
0.417706464966 -0.306877629027 -0.855188534727 1.848560336091
0.187255951321 0.950104059956 -0.249474415423 -0.301589593696
0.889076215979 -0.055932066463 0.454329270597 -1.032260020832
0.000000000000 0.000000000000 0.000000000000 1.000000000000
100 100 0
0.464526710567 -0.308442282087 -0.830107398950 1.843091061338
0.186019969724 0.950454688669 -0.249063155947 -0.302979662478
0.865801077635 -0.038720064664 0.498888014046 -1.046229326365
0.000000000000 0.000000000000 0.000000000000 1.000000000000
101 101 0
0.533464048953 -0.298903096226 -0.791247778854 1.850370227771
0.177931603705 0.954201718221 -0.240498285539 -0.317062254464
0.826895672306 -0.012490797049 0.562216619384 -1.103137179421
0.000000000000 0.000000000000 0.000000000000 1.000000000000
102 102 0
0.609595672873 -0.282816917337 -0.740545546798 1.844795385252
0.166606312991 0.959035621338 -0.229113538396 -0.322521918042
0.775006743252 0.016287058449 0.631743048747 -1.149525653403
0.000000000000 0.000000000000 0.000000000000 1.000000000000
103 103 0
0.691866794547 -0.259371446179 -0.673829942574 1.854429065022
0.153300320905 0.964741548429 -0.213945685504 -0.326320306072
0.705563144030 0.044723569205 0.707234368611 -1.190590645011
0.000000000000 0.000000000000 0.000000000000 1.000000000000
104 104 0
0.755969462125 -0.233249560967 -0.611641083188 1.853796197043
0.136306589295 0.969972671892 -0.201428720636 -0.318339771149
0.640258296353 0.068903251674 0.765063171156 -1.221444854410
0.000000000000 0.000000000000 0.000000000000 1.000000000000
105 105 0
0.821199600740 -0.209093336718 -0.530953098009 1.879743028574
0.121100552918 0.973113738349 -0.195919137194 -0.307946684598
0.557643140214 0.096590003499 0.824441932095 -1.233275698945
0.000000000000 0.000000000000 0.000000000000 1.000000000000
106 106 0
0.917988385072 -0.156352258516 -0.364487717393 1.889620141938
0.101930136652 0.981153037941 -0.164161394310 -0.298190570395
0.383285235974 0.113545970412 0.916624099884 -1.232359798937
0.000000000000 0.000000000000 0.000000000000 1.000000000000
107 107 0
0.957803214145 -0.071048122495 -0.278505237407 1.892170850473
0.058861155687 0.996916639837 -0.051890052677 -0.287321543084
0.281333196272 0.033307319097 0.959031936470 -1.228224985659
0.000000000000 0.000000000000 0.000000000000 1.000000000000
108 108 0
0.965328924568 -0.008514825861 -0.260897614272 1.888389947654
0.028294214295 0.996992316739 0.072150937633 -0.281293193842
0.259498564215 -0.077031280039 0.962666441228 -1.216704846101
0.000000000000 0.000000000000 0.000000000000 1.000000000000
109 109 0
0.976140805595 0.029473074952 -0.215128950876 1.886579011549
0.012660831611 0.981334227376 0.191892776108 -0.273563724623
0.216769072967 -0.190038080480 0.957547229630 -1.196039313307
0.000000000000 0.000000000000 0.000000000000 1.000000000000
110 110 0
0.979223741499 0.033190459983 -0.200048137832 1.895863180634
0.011274884957 0.976076885399 0.217133117600 -0.264794237124
0.202469111355 -0.214877423559 0.955423441094 -1.154925098635
0.000000000000 0.000000000000 0.000000000000 1.000000000000
111 111 0
0.966627573629 0.028571754164 -0.254587487447 1.901116667500
0.027133972678 0.976753351741 0.212642040505 -0.257378778862
0.254744737782 -0.212453629593 0.943381457230 -1.106283211324
0.000000000000 0.000000000000 0.000000000000 1.000000000000
112 112 0
0.939541599047 0.025007201464 -0.341520458443 1.909410585098
0.046792197973 0.978599370528 0.200384036816 -0.247961787774
0.339222749634 -0.204249631276 0.918264675491 -1.063591475805
0.000000000000 0.000000000000 0.000000000000 1.000000000000
113 113 0
0.919151453681 0.009403852954 -0.393792042512 1.906388825722
0.058628343794 0.985313576156 0.160374168574 -0.232333602937
0.389516780768 -0.170495525430 0.905101073532 -1.025700478966
0.000000000000 0.000000000000 0.000000000000 1.000000000000
114 114 0
0.896556014428 -0.006248913918 -0.442886287966 1.900547598386
0.069312147451 0.989561309598 0.126349676544 -0.224238420849
0.437473586870 -0.143976962122 0.887630269408 -0.981812952703
0.000000000000 0.000000000000 0.000000000000 1.000000000000
115 115 0
0.869111312665 -0.031050852260 -0.493640933040 1.896234250598
0.081198149357 0.993444287789 0.080469296013 -0.223532915849
0.487906124925 -0.110019505696 0.865934940759 -0.928252666102
0.000000000000 0.000000000000 0.000000000000 1.000000000000
116 116 0
0.832208976000 -0.088810297805 -0.547303344836 1.902926610306
0.092991434877 0.995463328534 -0.020133419556 -0.227120045709
0.546608464355 -0.034139310877 0.836692114310 -0.876431488802
0.000000000000 0.000000000000 0.000000000000 1.000000000000
117 117 0
0.817345514778 -0.149376895318 -0.556446630520 1.898730188913
0.100932021730 0.987993401204 -0.116969082098 -0.234174528016
0.567238077408 0.039440871218 0.822608887149 -0.827729076977
0.000000000000 0.000000000000 0.000000000000 1.000000000000
118 118 0
0.813700012332 -0.165505642510 -0.557225423171 1.906508584227
0.105998034132 0.984784124729 -0.137712179714 -0.232783530777
0.571538893419 0.052991602907 0.818862127181 -0.774076966345
0.000000000000 0.000000000000 0.000000000000 1.000000000000
119 119 0
0.803787266467 -0.179967216303 -0.567043059496 1.901053551173
0.110085680963 0.981680015018 -0.155516851054 -0.216459878569
0.584642773934 0.062579143258 0.808873709374 -0.715639923850
0.000000000000 0.000000000000 0.000000000000 1.000000000000
120 120 0
0.773930623511 -0.194083094298 -0.602796103587 1.910112533321
0.113812546322 0.979007574473 -0.169088359812 -0.200867603363
0.622959143357 0.062256900276 0.779773033694 -0.653806193376
0.000000000000 0.000000000000 0.000000000000 1.000000000000
121 121 0
0.699422068082 -0.253726688623 -0.668155324876 1.911094301623
0.118740806938 0.963123458069 -0.241441142487 -0.194883569517
0.704776128602 0.089531960763 0.703757512609 -0.612008490548
0.000000000000 0.000000000000 0.000000000000 1.000000000000
122 122 0
0.582836443829 -0.312133705391 -0.750249444987 1.905447704754
0.119949500776 0.946215607092 -0.300479853167 -0.197670304184
0.803687624023 0.085138562678 0.588929221670 -0.620753162781
0.000000000000 0.000000000000 0.000000000000 1.000000000000
123 123 0
0.391145105727 -0.375732106386 -0.840137423579 1.902602775153
0.160084845682 0.926727055141 -0.339926179418 -0.198133013534
0.906299259874 -0.001532808418 0.422633768231 -0.620474253619
0.000000000000 0.000000000000 0.000000000000 1.000000000000
124 124 0
0.299931180966 -0.399008187642 -0.866506637527 1.905248858764
0.177964625824 0.915782598123 -0.360098354524 -0.194071169743
0.937213891617 -0.046202804786 0.345681098978 -0.608673369643
0.000000000000 0.000000000000 0.000000000000 1.000000000000
125 125 0
0.295017092845 -0.407641133274 -0.864172217438 1.904039294731
0.182094089201 0.911836983413 -0.367960675017 -0.181013816338
0.937980094462 -0.048805964222 0.343236536880 -0.570789958931
0.000000000000 0.000000000000 0.000000000000 1.000000000000
126 126 0
0.300874522703 -0.417382494275 -0.857476748992 1.909351024760
0.183470833995 0.907676673972 -0.377440735215 -0.165959851341
0.935848799038 -0.043759673212 0.349674300370 -0.509313671785
0.000000000000 0.000000000000 0.000000000000 1.000000000000
127 127 0
0.310872578263 -0.417897737796 -0.853650819029 1.902101934739
0.185826248212 0.907543268788 -0.376608312112 -0.151308232325
0.932108816373 -0.041553532002 0.359786684604 -0.456582500815
0.000000000000 0.000000000000 0.000000000000 1.000000000000
128 128 0
0.351149582279 -0.416257361754 -0.838703630403 1.908173135256
0.190469288364 0.908772368004 -0.371287265258 -0.136326975730
0.916741741744 -0.029369915530 0.398399280881 -0.397435982127
0.000000000000 0.000000000000 0.000000000000 1.000000000000
129 129 0
0.443307440359 -0.409021266551 -0.797608999969 1.918736269580
0.202813099659 0.912514755511 -0.355223405171 -0.122771263381
0.873123908692 -0.004292375097 0.487479451450 -0.349132699035
0.000000000000 0.000000000000 0.000000000000 1.000000000000
130 130 0
0.562429317770 -0.382610326678 -0.732995634661 1.973866888354
0.198115046743 0.923031908971 -0.329791636151 -0.105489977948
0.802760045572 0.040267020504 0.594941069596 -0.300932172591
0.000000000000 0.000000000000 0.000000000000 1.000000000000
131 131 0
0.613619811499 -0.343601848406 -0.710920879358 2.032541440850
0.167362724230 0.936494180655 -0.308169382221 -0.101091486994
0.771660835778 0.070117183147 0.632157524003 -0.266658726514
0.000000000000 0.000000000000 0.000000000000 1.000000000000
132 132 0
0.615324058081 -0.322466031432 -0.719299633059 2.089070189631
0.162492725519 0.944789552253 -0.284550199626 -0.096873121088
0.771344551871 0.058209625721 0.633750125659 -0.231058213841
0.000000000000 0.000000000000 0.000000000000 1.000000000000
133 133 0
0.587879403114 -0.313745854376 -0.745628155488 2.153801415659
0.169567670682 0.949041356859 -0.265645079064 -0.092178223524
0.790976998688 0.029732840999 0.611123020113 -0.191339684510
0.000000000000 0.000000000000 0.000000000000 1.000000000000
134 134 0
0.499645773680 -0.317623605625 -0.805896609990 2.213894145492
0.180484276203 0.948103575272 -0.261772872163 -0.082696365739
0.847218700742 -0.014657957108 0.531042010962 -0.134083293327
0.000000000000 0.000000000000 0.000000000000 1.000000000000
135 135 0
0.398565178518 -0.317548378591 -0.860412009288 2.290708192931
0.189492121684 0.946416509203 -0.261512001499 -0.058488526214
0.897350842365 -0.058811719600 0.437381580940 -0.073546977565
0.000000000000 0.000000000000 0.000000000000 1.000000000000
136 136 0
0.311441698818 -0.322527548184 -0.893856839152 2.387079561713
0.193573001407 0.942449128424 -0.272615358077 -0.057050550253
0.930340562033 -0.088122760939 0.355950583144 -0.026675653837
0.000000000000 0.000000000000 0.000000000000 1.000000000000
137 137 0
0.249014566926 -0.326288146674 -0.911881456549 2.473771087154
0.202191041871 0.938307856185 -0.280530122462 -0.061499324276
0.947159188334 -0.114518174808 0.299624864777 0.019550828940
0.000000000000 0.000000000000 0.000000000000 1.000000000000
138 138 0
0.232751188150 -0.311128907063 -0.921425899139 2.534165033078
0.211006933313 0.941032768550 -0.264449243917 -0.057077109982
0.949369769114 -0.132876377526 0.284676851513 0.051477545011
0.000000000000 0.000000000000 0.000000000000 1.000000000000
139 139 0
0.185907847401 -0.294960706204 -0.937249408680 2.579223856517
0.211604316556 0.943514289019 -0.254959603920 -0.046492595178
0.959511274290 -0.150927029427 0.237821669111 0.107363716016
0.000000000000 0.000000000000 0.000000000000 1.000000000000
140 140 0
0.068027943823 -0.283047025176 -0.956690430807 2.609836948409
0.206907258483 0.942066513572 -0.264007708967 -0.040211761182
0.975992615365 -0.179986292660 0.122651331864 0.177097678497
0.000000000000 0.000000000000 0.000000000000 1.000000000000
141 141 0
-0.009534568456 -0.271465089086 -0.962401058505 2.634354033949
0.212677645505 0.939873846768 -0.267217834852 -0.031604256262
0.977075898335 -0.207228997894 0.048773264452 0.245276450514
0.000000000000 0.000000000000 0.000000000000 1.000000000000
142 142 0
-0.024106344723 -0.268667139083 -0.962931385157 2.648951703586
0.222990609234 0.937498863979 -0.267153641620 -0.018316535072
0.974522484265 -0.221164754005 0.037310578233 0.314566182485
0.000000000000 0.000000000000 0.000000000000 1.000000000000
143 143 0
0.028793915609 -0.274230027854 -0.961232959405 2.639738075190
0.233902608325 0.936782062606 -0.260247837644 -0.004528035865
0.971833566123 -0.217341342138 0.091116742451 0.381286528480
0.000000000000 0.000000000000 0.000000000000 1.000000000000
144 144 0
0.041023776533 -0.278886919921 -0.959447307389 2.639595873153
0.229965818348 0.937111073702 -0.262561531714 0.009597273087
0.972333673258 -0.209868819602 0.102578294040 0.458740593344
0.000000000000 0.000000000000 0.000000000000 1.000000000000
145 145 0
0.078275246037 -0.281843597271 -0.956262083602 2.653586292038
0.228995511169 0.938640442400 -0.257905362014 0.020543836871
0.970275240188 -0.198792118980 0.138013230196 0.536812004459
0.000000000000 0.000000000000 0.000000000000 1.000000000000
146 146 0
0.086076948819 -0.282165322516 -0.955496462396 2.667448585482
0.223072553013 0.940165236589 -0.257542159659 0.034724320792
0.970994024170 -0.190976591966 0.143869893817 0.612383175220
0.000000000000 0.000000000000 0.000000000000 1.000000000000
147 147 0
0.092269907955 -0.289904190565 -0.952597409391 2.687152676106
0.220999999727 0.938780217989 -0.264292834622 0.049282454545
0.970899203938 -0.186137751692 0.150689990339 0.689796815461
0.000000000000 0.000000000000 0.000000000000 1.000000000000
148 148 0
0.109235817594 -0.296053995621 -0.948904403948 2.695196385867
0.219802072337 0.938179980895 -0.267404884854 0.060932717662
0.969409400177 -0.179360963212 0.167556139024 0.768796097385
0.000000000000 0.000000000000 0.000000000000 1.000000000000
149 149 0
0.117728280431 -0.297291284518 -0.947500894003 2.695003413172
0.217958172325 0.938606099097 -0.267418821055 0.075677512321
0.968831402827 -0.175032805176 0.175297547070 0.841698710783
0.000000000000 0.000000000000 0.000000000000 1.000000000000
150 150 0
0.119403915540 -0.298069531902 -0.947046598170 2.702411532974
0.217017994929 0.938640447057 -0.268062121580 0.089876236878
0.968837393390 -0.173518486915 0.176763796825 0.916688228734
0.000000000000 0.000000000000 0.000000000000 1.000000000000
151 151 0
0.108678859443 -0.296766169122 -0.948745880821 2.708169882391
0.217023909256 0.938459926771 -0.268688646312 0.099623515058
0.970097690092 -0.176699764320 0.166396108632 1.001553932397
0.000000000000 0.000000000000 0.000000000000 1.000000000000
152 152 0
0.078644046042 -0.293387248175 -0.952753397596 2.710423875588
0.215632155718 0.938094651591 -0.271074156048 0.117641449314
0.973302567264 -0.184125900582 0.137039283756 1.082594766886
0.000000000000 0.000000000000 0.000000000000 1.000000000000
153 153 0
0.055395414298 -0.295270465777 -0.953806426962 2.720733641065
0.217933908235 0.935815942786 -0.277043918663 0.133223539490
0.974390147588 -0.192519799675 0.116189358450 1.161035106417
0.000000000000 0.000000000000 0.000000000000 1.000000000000
154 154 0
-0.023636760805 -0.334439130161 -0.942120890203 2.734732233754
0.212770825061 0.919110481668 -0.331608954178 0.140831178916
0.976816195372 -0.208294000646 0.049434095048 1.227194247008
0.000000000000 0.000000000000 0.000000000000 1.000000000000
155 155 0
-0.066325529599 -0.384483532116 -0.920746076644 2.752528097676
0.219279391361 0.894602483458 -0.389362228671 0.153974144205
0.973405091752 -0.227725295307 0.024974331415 1.301631807058
0.000000000000 0.000000000000 0.000000000000 1.000000000000
156 156 0
-0.074963259097 -0.396748788010 -0.914861141921 2.774803415427
0.226335598091 0.886728382010 -0.403094248997 0.168642911405
0.971160494883 -0.237282902355 0.023326324777 1.376903577617
0.000000000000 0.000000000000 0.000000000000 1.000000000000
157 157 0
-0.079404697662 -0.398263640833 -0.913827645883 2.775815065186
